2 983.893 
3 944.4 
4 910.326 
5 886.728 
6 871.394 
7 862.397 
8 858.167 
9 857.077 
10 859.73 
11 864.02 
12 870.23 
13 877.206 
14 885.907 
15 896.229 
16 906.136 
17 916.281 
18 927.768 
19 940.898 
20 954.95 
21 968.591 
22 981.962 
23 995.518 
24 1009.48 
25 1023.78 
26 1038.16 
27 1052.73 
28 1067.62 
29 1082.76 
30 1097.95 
31 1112.88 
32 1127.67 
33 1142.52 
34 1157.6 
35 1173.01 
36 1188.84 
37 1205.1 
38 1221.73 
39 1238.6 
40 1255.53 
41 1272.28 
42 1288.89 
43 1305.45 
44 1322.02 
45 1338.66 
46 1355.43 
47 1372.35 
48 1389.43 
49 1406.66 
50 1424.03 
51 1441.5 
52 1459.1 
53 1476.87 
54 1494.84 
55 1513.04 
56 1531.47 
57 1550.15 
58 1569.06 
59 1588.19 
60 1607.5 
61 1626.95 
62 1646.58 
63 1666.39 
64 1686.42 
65 1706.69 
66 1727.19 
67 1747.96 
68 1768.98 
69 1790.26 
70 1811.78 
71 1833.55 
72 1855.57 
73 1877.86 
74 1900.42 
75 1923.27 
76 1946.42 
77 1969.86 
78 1993.59 
79 2017.61 
80 2041.91 
81 2066.48 
82 2091.32 
83 2116.45 
84 2141.86 
85 2167.58 
86 2193.59 
87 2219.89 
88 2246.5 
89 2273.4 
90 2300.58 
91 2328.04 
92 2355.78 
93 2383.79 
94 2412.09 
95 2440.66 
96 2469.51 
97 2498.62 
98 2527.99 
99 2557.61 
100 2587.46 
101 2617.55 
102 2647.85 
103 2678.39 
104 2709.15 
105 2740.13 
106 2771.35 
107 2802.78 
108 2834.43 
109 2866.29 
110 2898.37 
111 2930.64 
112 2963.11 
113 2995.76 
114 3028.58 
115 3061.57 
116 3094.7 
117 3127.96 
118 3161.34 
119 3194.83 
120 3228.39 
121 3262.02 
122 3295.7 
123 3329.43 
124 3363.2 
125 3397.01 
126 3430.84 
127 3464.7 
128 3498.56 
129 3532.43 
130 3566.28 
131 3600.12 
132 3633.92 
133 3667.67 
134 3701.37 
135 3735 
136 3768.55 
137 3801.99 
138 3835.32 
139 3868.52 
140 3901.57 
141 3934.45 
142 3967.16 
143 3999.68 
144 4032 
145 4064.12 
146 4096.02 
147 4127.69 
148 4159.12 
149 4190.3 
150 4221.21 
151 4251.85 
152 4282.2 
153 4312.25 
154 4341.98 
155 4371.38 
156 4400.44 
157 4429.15 
158 4457.48 
159 4485.42 
160 4512.96 
161 4540.08 
162 4566.78 
163 4593.03 
164 4618.84 
165 4644.19 
166 4669.07 
167 4693.48 
168 4717.4 
169 4740.82 
170 4763.74 
171 4786.15 
172 4808.03 
173 4829.37 
174 4850.17 
175 4870.42 
176 4890.1 
177 4909.2 
178 4927.72 
179 4945.64 
180 4962.96 
181 4979.66 
182 4995.73 
183 5011.18 
184 5025.99 
185 5040.16 
186 5053.69 
187 5066.56 
188 5078.77 
189 5090.33 
190 5101.21 
191 5111.42 
192 5120.96 
193 5129.81 
194 5137.98 
195 5145.45 
196 5152.23 
197 5158.31 
198 5163.69 
199 5168.37 
200 5172.33 
201 5175.58 
202 5178.11 
203 5179.93 
204 5181.03 
205 5181.42 
206 5181.09 
207 5180.05 
208 5178.29 
209 5175.82 
210 5172.63 
211 5168.73 
212 5164.12 
213 5158.81 
214 5152.78 
215 5146.06 
216 5138.64 
217 5130.51 
218 5121.7 
219 5112.19 
220 5102 
221 5091.13 
222 5079.58 
223 5067.36 
224 5054.47 
225 5040.93 
226 5026.73 
227 5011.88 
228 4996.38 
229 4980.25 
230 4963.49 
231 4946.11 
232 4928.11 
233 4909.5 
234 4890.3 
235 4870.5 
236 4850.11 
237 4829.15 
238 4807.62 
239 4785.54 
240 4762.91 
241 4739.75 
242 4716.05 
243 4691.85 
244 4667.14 
245 4641.93 
246 4616.25 
247 4590.1 
248 4563.49 
249 4536.44 
250 4508.97 
251 4481.07 
252 4452.78 
253 4424.09 
254 4395.01 
255 4365.56 
256 4335.75 
257 4305.59 
258 4275.09 
259 4244.26 
260 4213.12 
261 4181.67 
262 4149.94 
263 4117.92 
264 4085.64 
265 4053.11 
266 4020.35 
267 3987.36 
268 3954.16 
269 3920.76 
270 3887.19 
271 3853.45 
272 3819.56 
273 3785.54 
274 3751.4 
275 3717.16 
276 3682.83 
277 3648.43 
278 3613.97 
279 3579.46 
280 3544.91 
281 3510.34 
282 3475.76 
283 3441.18 
284 3406.62 
285 3372.09 
286 3337.61 
287 3303.18 
288 3268.82 
289 3234.54 
290 3200.37 
291 3166.31 
292 3132.37 
293 3098.58 
294 3064.95 
295 3031.49 
296 2998.22 
297 2965.16 
298 2932.31 
299 2899.69 
300 2867.33 
301 2835.23 
302 2803.41 
303 2771.87 
304 2740.62 
305 2709.66 
306 2679.01 
307 2648.67 
308 2618.64 
309 2588.94 
310 2559.57 
311 2530.55 
312 2501.86 
313 2473.53 
314 2445.56 
315 2417.95 
316 2390.72 
317 2363.86 
318 2337.39 
319 2311.31 
320 2285.63 
321 2260.35 
322 2235.47 
323 2211.02 
324 2186.98 
325 2163.37 
326 2140.19 
327 2117.45 
328 2095.16 
329 2073.31 
330 2051.91 
331 2030.97 
332 2010.5 
333 1990.49 
334 1970.96 
335 1951.9 
336 1933.33 
337 1915.24 
338 1897.64 
339 1880.54 
340 1863.94 
341 1847.84 
342 1832.25 
343 1817.16 
344 1802.59 
345 1788.54 
346 1775.01 
347 1762 
348 1749.52 
349 1737.57 
350 1726.15 
351 1715.27 
352 1704.92 
353 1695.1 
354 1685.82 
355 1677.06 
356 1668.84 
357 1661.13 
358 1653.96 
359 1647.3 
360 1641.16 
361 1635.54 
362 1630.43 
363 1625.83 
364 1621.74 
365 1618.14 
366 1615.04 
367 1612.44 
368 1610.32 
369 1608.69 
370 1607.53 
371 1606.84 
372 1606.63 
373 1606.87 
374 1607.56 
375 1608.71 
376 1610.29 
377 1612.31 
378 1614.76 
379 1617.62 
380 1620.9 
381 1624.58 
382 1628.65 
383 1633.11 
384 1637.95 
385 1643.15 
386 1648.71 
387 1654.63 
388 1660.88 
389 1667.46 
390 1674.35 
391 1681.56 
392 1689.05 
393 1696.84 
394 1704.89 
395 1713.2 
396 1721.76 
397 1730.56 
398 1739.57 
399 1748.8 
400 1758.22 
401 1767.82 
402 1777.59 
403 1787.54 
404 1797.65 
405 1807.92 
406 1818.35 
407 1828.92 
408 1839.64 
409 1850.5 
410 1861.49 
411 1872.61 
412 1883.84 
413 1895.19 
414 1906.65 
415 1918.2 
416 1929.85 
417 1941.59 
418 1953.41 
419 1965.3 
420 1977.26 
421 1989.27 
422 2001.34 
423 2013.45 
424 2025.59 
425 2037.76 
426 2049.95 
427 2062.15 
428 2074.35 
429 2086.54 
430 2098.72 
431 2110.87 
432 2123 
433 2135.07 
434 2147.1 
435 2159.06 
436 2170.96 
437 2182.77 
438 2194.49 
439 2206.11 
440 2217.61 
441 2229 
442 2240.25 
443 2251.35 
444 2262.3 
445 2273.09 
446 2283.69 
447 2294.11 
448 2304.33 
449 2314.33 
450 2324.11 
451 2333.65 
452 2342.96 
453 2352.02 
454 2360.85 
455 2369.44 
456 2377.79 
457 2385.89 
458 2393.76 
459 2401.38 
460 2408.76 
461 2415.9 
462 2422.8 
463 2429.45 
464 2435.86 
465 2442.03 
466 2447.95 
467 2453.62 
468 2459.06 
469 2464.25 
470 2469.19 
471 2473.89 
472 2478.35 
473 2482.56 
474 2486.52 
475 2490.25 
476 2493.73 
477 2496.96 
478 2499.95 
479 2502.7 
480 2505.21 
481 2507.47 
482 2509.49 
483 2511.27 
484 2512.81 
485 2514.11 
486 2515.16 
487 2515.98 
488 2516.56 
489 2516.9 
490 2517.01 
491 2516.88 
492 2516.51 
493 2515.91 
494 2515.07 
495 2514 
496 2512.7 
497 2511.17 
498 2509.41 
499 2507.42 
500 2505.21 
501 2502.76 
502 2500.1 
503 2497.22 
504 2494.13 
505 2490.82 
506 2487.32 
507 2483.61 
508 2479.71 
509 2475.63 
510 2471.35 
511 2466.9 
512 2462.28 
513 2457.48 
514 2452.53 
515 2447.42 
516 2442.15 
517 2436.74 
518 2431.19 
519 2425.5 
520 2419.69 
521 2413.75 
522 2407.7 
523 2401.54 
524 2395.28 
525 2388.92 
526 2382.47 
527 2375.93 
528 2369.32 
529 2362.64 
530 2355.9 
531 2349.11 
532 2342.27 
533 2335.39 
534 2328.47 
535 2321.53 
536 2314.57 
537 2307.61 
538 2300.64 
539 2293.68 
540 2286.74 
541 2279.82 
542 2272.93 
543 2266.08 
544 2259.28 
545 2252.53 
546 2245.86 
547 2239.26 
548 2232.74 
549 2226.32 
550 2220 
551 2213.8 
552 2207.71 
553 2201.73 
554 2195.88 
555 2190.16 
556 2184.56 
557 2179.09 
558 2173.76 
559 2168.56 
560 2163.5 
561 2158.58 
562 2153.81 
563 2149.19 
564 2144.72 
565 2140.4 
566 2136.24 
567 2132.25 
568 2128.41 
569 2124.75 
570 2121.26 
571 2117.94 
572 2114.79 
573 2111.83 
574 2109.05 
575 2106.46 
576 2104.06 
577 2101.86 
578 2099.85 
579 2098.05 
580 2096.44 
581 2095.05 
582 2093.87 
583 2092.9 
584 2092.15 
585 2091.63 
586 2091.33 
587 2091.26 
588 2091.42 
589 2091.82 
590 2092.46 
591 2093.35 
592 2094.48 
593 2095.87 
594 2097.51 
595 2099.41 
596 2101.57 
597 2104.01 
598 2106.71 
599 2109.69 
600 2112.94 
601 2116.48 
602 2120.3 
603 2124.4 
604 2128.77 
605 2133.41 
606 2138.32 
607 2143.5 
608 2148.94 
609 2154.64 
610 2160.59 
611 2166.79 
612 2173.25 
613 2179.94 
614 2186.88 
615 2194.06 
616 2201.47 
617 2209.11 
618 2216.98 
619 2225.07 
620 2233.37 
621 2241.9 
622 2250.63 
623 2259.56 
624 2268.7 
625 2278.03 
626 2287.56 
627 2297.27 
628 2307.17 
629 2317.24 
630 2327.49 
631 2337.91 
632 2348.49 
633 2359.23 
634 2370.12 
635 2381.17 
636 2392.35 
637 2403.68 
638 2415.13 
639 2426.71 
640 2438.42 
641 2450.24 
642 2462.17 
643 2474.21 
644 2486.34 
645 2498.57 
646 2510.88 
647 2523.27 
648 2535.74 
649 2548.28 
650 2560.87 
651 2573.53 
652 2586.23 
653 2598.98 
654 2611.77 
655 2624.59 
656 2637.44 
657 2650.32 
658 2663.21 
659 2676.12 
660 2689.03 
661 2701.94 
662 2714.85 
663 2727.75 
664 2740.64 
665 2753.5 
666 2766.33 
667 2779.12 
668 2791.88 
669 2804.59 
670 2817.24 
671 2829.84 
672 2842.37 
673 2854.82 
674 2867.2 
675 2879.49 
676 2891.69 
677 2903.79 
678 2915.78 
679 2927.65 
680 2939.41 
681 2951.04 
682 2962.53 
683 2973.88 
684 2985.09 
685 2996.13 
686 3007.01 
687 3017.72 
688 3028.25 
689 3038.59 
690 3048.74 
691 3058.68 
692 3068.41 
693 3077.93 
694 3087.21 
695 3096.27 
696 3105.07 
697 3113.63 
698 3121.93 
699 3129.96 
700 3137.71 
701 3145.17 
702 3152.35 
703 3159.25 
704 3165.85 
705 3172.16 
706 3178.19 
707 3183.92 
708 3189.36 
709 3194.5 
710 3199.35 
711 3203.91 
712 3208.16 
713 3212.12 
714 3215.78 
715 3219.15 
716 3222.21 
717 3224.97 
718 3227.42 
719 3229.58 
720 3231.43 
721 3232.97 
722 3234.21 
723 3235.15 
724 3235.77 
725 3236.09 
726 3236.1 
727 3235.79 
728 3235.18 
729 3234.26 
730 3233.02 
731 3231.47 
732 3229.61 
733 3227.43 
734 3224.93 
735 3222.13 
736 3219 
737 3215.56 
738 3211.79 
739 3207.71 
740 3203.31 
741 3198.59 
742 3193.55 
743 3188.19 
744 3182.51 
745 3176.5 
746 3170.17 
747 3163.52 
748 3156.54 
749 3149.24 
750 3141.61 
751 3133.66 
752 3125.38 
753 3116.79 
754 3107.89 
755 3098.67 
756 3089.16 
757 3079.34 
758 3069.23 
759 3058.82 
760 3048.14 
761 3037.17 
762 3025.92 
763 3014.41 
764 3002.63 
765 2990.58 
766 2978.29 
767 2965.74 
768 2952.95 
769 2939.91 
770 2926.64 
771 2913.15 
772 2899.43 
773 2885.49 
774 2871.34 
775 2856.98 
776 2842.42 
777 2827.67 
778 2812.73 
779 2797.61 
780 2782.31 
781 2766.84 
782 2751.2 
783 2735.41 
784 2719.46 
785 2703.37 
786 2687.14 
787 2670.78 
788 2654.29 
789 2637.68 
790 2620.97 
791 2604.14 
792 2587.22 
793 2570.21 
794 2553.11 
795 2535.93 
796 2518.69 
797 2501.38 
798 2484.02 
799 2466.61 
800 2449.16 
801 2431.68 
802 2414.16 
803 2396.63 
804 2379.07 
805 2361.5 
806 2343.93 
807 2326.34 
808 2308.76 
809 2291.18 
810 2273.61 
811 2256.06 
812 2238.52 
813 2221.01 
814 2203.53 
815 2186.08 
816 2168.68 
817 2151.31 
818 2134 
819 2116.75 
820 2099.55 
821 2082.42 
822 2065.36 
823 2048.38 
824 2031.48 
825 2014.67 
826 1997.96 
827 1981.34 
828 1964.83 
829 1948.43 
830 1932.14 
831 1915.98 
832 1899.95 
833 1884.05 
834 1868.29 
835 1852.67 
836 1837.21 
837 1821.91 
838 1806.77 
839 1791.8 
840 1777.01 
841 1762.4 
842 1747.98 
843 1733.76 
844 1719.74 
845 1705.93 
846 1692.33 
847 1678.96 
848 1665.81 
849 1652.9 
850 1640.24 
851 1627.82 
852 1615.65 
853 1603.72 
854 1592.05 
855 1580.63 
856 1569.45 
857 1558.53 
858 1547.85 
859 1537.42 
860 1527.24 
861 1517.31 
862 1507.63 
863 1498.19 
864 1489.01 
865 1480.07 
866 1471.38 
867 1462.94 
868 1454.74 
869 1446.8 
870 1439.1 
871 1431.65 
872 1424.44 
873 1417.48 
874 1410.77 
875 1404.3 
876 1398.08 
877 1392.1 
878 1386.37 
879 1380.88 
880 1375.64 
881 1370.64 
882 1365.88 
883 1361.37 
884 1357.1 
885 1353.07 
886 1349.28 
887 1345.73 
888 1342.43 
889 1339.36 
890 1336.53 
891 1333.95 
892 1331.6 
893 1329.48 
894 1327.61 
895 1325.97 
896 1324.57 
897 1323.4 
898 1322.47 
899 1321.77 
900 1321.3 
901 1321.07 
902 1321.06 
903 1321.28 
904 1321.72 
905 1322.38 
906 1323.25 
907 1324.33 
908 1325.61 
909 1327.1 
910 1328.79 
911 1330.66 
912 1332.73 
913 1334.98 
914 1337.42 
915 1340.02 
916 1342.81 
917 1345.76 
918 1348.87 
919 1352.14 
920 1355.57 
921 1359.14 
922 1362.86 
923 1366.72 
924 1370.72 
925 1374.85 
926 1379.11 
927 1383.48 
928 1387.98 
929 1392.58 
930 1397.29 
931 1402.11 
932 1407.02 
933 1412.02 
934 1417.11 
935 1422.28 
936 1427.53 
937 1432.84 
938 1438.22 
939 1443.67 
940 1449.16 
941 1454.71 
942 1460.3 
943 1465.92 
944 1471.58 
945 1477.27 
946 1482.97 
947 1488.7 
948 1494.43 
949 1500.16 
950 1505.89 
951 1511.62 
952 1517.33 
953 1523.02 
954 1528.7 
955 1534.36 
956 1540 
957 1545.61 
958 1551.2 
959 1556.75 
960 1562.26 
961 1567.74 
962 1573.17 
963 1578.56 
964 1583.91 
965 1589.2 
966 1594.44 
967 1599.63 
968 1604.75 
969 1609.81 
970 1614.8 
971 1619.72 
972 1624.57 
973 1629.35 
974 1634.04 
975 1638.65 
976 1643.18 
977 1647.61 
978 1651.95 
979 1656.19 
980 1660.33 
981 1664.37 
982 1668.3 
983 1672.12 
984 1675.83 
985 1679.41 
986 1682.88 
987 1686.21 
988 1689.42 
989 1692.5 
990 1695.43 
991 1698.23 
992 1700.88 
993 1703.39 
994 1705.74 
995 1707.93 
996 1709.97 
997 1711.84 
998 1713.54 
999 1715.07 
1000 1716.43 
1001 1717.6 
1002 1718.6 
1003 1719.42 
1004 1720.06 
1005 1720.53 
1006 1720.82 
1007 1720.95 
1008 1720.9 
1009 1720.68 
1010 1720.3 
1011 1719.75 
1012 1719.03 
1013 1718.15 
1014 1717.11 
1015 1715.91 
1016 1714.55 
1017 1713.04 
1018 1711.36 
1019 1709.54 
1020 1707.56 
1021 1705.43 
1022 1703.15 
1023 1700.73 
1024 1698.16 
1025 1695.44 
1026 1692.58 
1027 1689.59 
1028 1686.45 
1029 1683.18 
1030 1679.77 
1031 1676.23 
1032 1672.55 
1033 1668.75 
1034 1664.82 
1035 1660.77 
1036 1656.59 
1037 1652.28 
1038 1647.86 
1039 1643.32 
1040 1638.67 
1041 1633.9 
1042 1629.01 
1043 1624.02 
1044 1618.92 
1045 1613.71 
1046 1608.4 
1047 1602.99 
1048 1597.48 
1049 1591.87 
1050 1586.17 
1051 1580.37 
1052 1574.49 
1053 1568.51 
1054 1562.45 
1055 1556.31 
1056 1550.09 
1057 1543.8 
1058 1537.44 
1059 1531 
1060 1524.5 
1061 1517.94 
1062 1511.31 
1063 1504.63 
1064 1497.9 
1065 1491.11 
1066 1484.28 
1067 1477.4 
1068 1470.49 
1069 1463.53 
1070 1456.55 
1071 1449.53 
1072 1442.48 
1073 1435.42 
1074 1428.33 
1075 1421.22 
1076 1414.1 
1077 1406.97 
1078 1399.84 
1079 1392.7 
1080 1385.56 
1081 1378.43 
1082 1371.3 
1083 1364.19 
1084 1357.09 
1085 1350.02 
1086 1342.96 
1087 1335.93 
1088 1328.94 
1089 1321.97 
1090 1315.05 
1091 1308.16 
1092 1301.33 
1093 1294.54 
1094 1287.81 
1095 1281.13 
1096 1274.52 
1097 1267.97 
1098 1261.5 
1099 1255.09 
1100 1248.77 
1101 1242.53 
1102 1236.37 
1103 1230.29 
1104 1224.31 
1105 1218.41 
1106 1212.59 
1107 1206.87 
1108 1201.24 
1109 1195.7 
1110 1190.26 
1111 1184.91 
1112 1179.66 
1113 1174.5 
1114 1169.44 
1115 1164.49 
1116 1159.63 
1117 1154.88 
1118 1150.23 
1119 1145.68 
1120 1141.25 
1121 1136.92 
1122 1132.7 
1123 1128.59 
1124 1124.59 
1125 1120.71 
1126 1116.94 
1127 1113.29 
1128 1109.75 
1129 1106.34 
1130 1103.04 
1131 1099.87 
1132 1096.82 
1133 1093.89 
1134 1091.09 
1135 1088.42 
1136 1085.87 
1137 1083.46 
1138 1081.17 
1139 1079.02 
1140 1077.01 
1141 1075.13 
1142 1073.39 
1143 1071.78 
1144 1070.32 
1145 1069 
1146 1067.82 
1147 1066.79 
1148 1065.9 
1149 1065.17 
1150 1064.58 
1151 1064.14 
1152 1063.85 
1153 1063.7 
1154 1063.71 
1155 1063.85 
1156 1064.14 
1157 1064.56 
1158 1065.12 
1159 1065.81 
1160 1066.64 
1161 1067.59 
1162 1068.67 
1163 1069.88 
1164 1071.21 
1165 1072.66 
1166 1074.23 
1167 1075.91 
1168 1077.71 
1169 1079.62 
1170 1081.64 
1171 1083.76 
1172 1085.99 
1173 1088.32 
1174 1090.75 
1175 1093.27 
1176 1095.89 
1177 1098.6 
1178 1101.4 
1179 1104.29 
1180 1107.26 
1181 1110.31 
1182 1113.44 
1183 1116.65 
1184 1119.93 
1185 1123.28 
1186 1126.7 
1187 1130.18 
1188 1133.73 
1189 1137.33 
1190 1141 
1191 1144.71 
1192 1148.48 
1193 1152.3 
1194 1156.16 
1195 1160.07 
1196 1164.01 
1197 1167.99 
1198 1172.01 
1199 1176.06 
1200 1180.13 
1201 1184.23 
1202 1188.36 
1203 1192.5 
1204 1196.66 
1205 1200.84 
1206 1205.04 
1207 1209.24 
1208 1213.45 
1209 1217.68 
1210 1221.9 
1211 1226.13 
1212 1230.36 
1213 1234.58 
1214 1238.81 
1215 1243.02 
1216 1247.22 
1217 1251.42 
1218 1255.6 
1219 1259.76 
1220 1263.9 
1221 1268.02 
1222 1272.12 
1223 1276.19 
1224 1280.23 
1225 1284.24 
1226 1288.21 
1227 1292.15 
1228 1296.04 
1229 1299.9 
1230 1303.71 
1231 1307.47 
1232 1311.18 
1233 1314.84 
1234 1318.45 
1235 1321.99 
1236 1325.48 
1237 1328.9 
1238 1332.25 
1239 1335.54 
1240 1338.75 
1241 1341.89 
1242 1344.95 
1243 1347.93 
1244 1350.82 
1245 1353.63 
1246 1356.35 
1247 1358.98 
1248 1361.52 
1249 1363.95 
1250 1366.29 
1251 1368.52 
1252 1370.64 
1253 1372.67 
1254 1374.58 
1255 1376.39 
1256 1378.1 
1257 1379.69 
1258 1381.18 
1259 1382.56 
1260 1383.83 
1261 1385 
1262 1386.05 
1263 1386.99 
1264 1387.83 
1265 1388.55 
1266 1389.16 
1267 1389.66 
1268 1390.04 
1269 1390.31 
1270 1390.47 
1271 1390.51 
1272 1390.44 
1273 1390.25 
1274 1389.95 
1275 1389.53 
1276 1388.99 
1277 1388.34 
1278 1387.56 
1279 1386.67 
1280 1385.66 
1281 1384.53 
1282 1383.28 
1283 1381.91 
1284 1380.42 
1285 1378.8 
1286 1377.06 
1287 1375.2 
1288 1373.22 
1289 1371.11 
1290 1368.88 
1291 1366.52 
1292 1364.04 
1293 1361.43 
1294 1358.69 
1295 1355.82 
1296 1352.83 
1297 1349.71 
1298 1346.46 
1299 1343.08 
1300 1339.57 
1301 1335.93 
1302 1332.16 
1303 1328.27 
1304 1324.25 
1305 1320.1 
1306 1315.84 
1307 1311.47 
1308 1306.97 
1309 1302.37 
1310 1297.65 
1311 1292.83 
1312 1287.9 
1313 1282.86 
1314 1277.73 
1315 1272.5 
1316 1267.17 
1317 1261.74 
1318 1256.23 
1319 1250.63 
1320 1244.94 
1321 1239.17 
1322 1233.32 
1323 1227.38 
1324 1221.38 
1325 1215.3 
1326 1209.14 
1327 1202.92 
1328 1196.64 
1329 1190.29 
1330 1183.88 
1331 1177.41 
1332 1170.89 
1333 1164.32 
1334 1157.7 
1335 1151.03 
1336 1144.31 
1337 1137.56 
1338 1130.76 
1339 1123.93 
1340 1117.07 
1341 1110.18 
1342 1103.26 
1343 1096.32 
1344 1089.36 
1345 1082.37 
1346 1075.38 
1347 1068.37 
1348 1061.35 
1349 1054.32 
1350 1047.29 
1351 1040.27 
1352 1033.24 
1353 1026.21 
1354 1019.19 
1355 1012.18 
1356 1005.17 
1357 998.178 
1358 991.196 
1359 984.226 
1360 977.273 
1361 970.337 
1362 963.42 
1363 956.524 
1364 949.652 
1365 942.804 
1366 935.983 
1367 929.19 
1368 922.428 
1369 915.699 
1370 909.003 
1371 902.344 
1372 895.723 
1373 889.143 
1374 882.604 
1375 876.11 
1376 869.661 
1377 863.261 
1378 856.91 
1379 850.612 
1380 844.368 
1381 838.179 
1382 832.049 
1383 825.98 
1384 819.972 
1385 814.029 
1386 808.152 
1387 802.344 
1388 796.606 
1389 790.941 
1390 785.351 
1391 779.838 
1392 774.404 
1393 769.051 
1394 763.782 
1395 758.599 
1396 753.503 
1397 748.497 
1398 743.584 
1399 738.765 
1400 734.043 
1401 729.42 
1402 724.895 
1403 720.468 
1404 716.14 
1405 711.909 
1406 707.775 
1407 703.739 
1408 699.799 
1409 695.956 
1410 692.208 
1411 688.557 
1412 685 
1413 681.539 
1414 678.172 
1415 674.899 
1416 671.721 
1417 668.636 
1418 665.644 
1419 662.744 
1420 659.938 
1421 657.223 
1422 654.6 
1423 652.068 
1424 649.626 
1425 647.276 
1426 645.015 
1427 642.844 
1428 640.762 
1429 638.769 
1430 636.864 
1431 635.047 
1432 633.318 
1433 631.675 
1434 630.12 
1435 628.65 
1436 627.267 
1437 625.968 
1438 624.755 
1439 623.625 
1440 622.58 
1441 621.618 
1442 620.74 
1443 619.943 
1444 619.229 
1445 618.597 
1446 618.045 
1447 617.574 
1448 617.183 
1449 616.872 
1450 616.64 
1451 616.486 
1452 616.409 
1453 616.408 
1454 616.482 
1455 616.628 
1456 616.846 
1457 617.134 
1458 617.49 
1459 617.913 
1460 618.402 
1461 618.955 
1462 619.571 
1463 620.248 
1464 620.984 
1465 621.778 
1466 622.629 
1467 623.534 
1468 624.493 
1469 625.504 
1470 626.565 
1471 627.674 
1472 628.831 
1473 630.033 
1474 631.279 
1475 632.567 
1476 633.896 
1477 635.263 
1478 636.668 
1479 638.108 
1480 639.583 
1481 641.089 
1482 642.626 
1483 644.192 
1484 645.785 
1485 647.404 
1486 649.046 
1487 650.71 
1488 652.395 
1489 654.098 
1490 655.817 
1491 657.552 
1492 659.299 
1493 661.058 
1494 662.826 
1495 664.602 
1496 666.384 
1497 668.17 
1498 669.958 
1499 671.747 
1500 673.534 
1501 675.317 
1502 677.096 
1503 678.869 
1504 680.635 
1505 682.393 
1506 684.141 
1507 685.878 
1508 687.603 
1509 689.315 
1510 691.012 
1511 692.694 
1512 694.358 
1513 696.003 
1514 697.629 
1515 699.234 
1516 700.817 
1517 702.376 
1518 703.91 
1519 705.417 
1520 706.897 
1521 708.348 
1522 709.768 
1523 711.157 
1524 712.513 
1525 713.835 
1526 715.12 
1527 716.369 
1528 717.579 
1529 718.748 
1530 719.877 
1531 720.963 
1532 722.004 
1533 723 
1534 723.95 
1535 724.85 
1536 725.701 
1537 726.5 
1538 727.247 
1539 727.939 
1540 728.575 
1541 729.155 
1542 729.675 
1543 730.136 
1544 730.535 
1545 730.87 
1546 731.141 
1547 731.346 
1548 731.483 
1549 731.551 
1550 731.548 
1551 731.473 
1552 731.327 
1553 731.109 
1554 730.821 
1555 730.464 
1556 730.038 
1557 729.543 
1558 728.981 
1559 728.352 
1560 727.658 
1561 726.897 
1562 726.072 
1563 725.183 
1564 724.231 
1565 723.216 
1566 722.14 
1567 721.002 
1568 719.805 
1569 718.547 
1570 717.231 
1571 715.857 
1572 714.426 
1573 712.938 
1574 711.395 
1575 709.797 
1576 708.144 
1577 706.438 
1578 704.68 
1579 702.87 
1580 701.009 
1581 699.097 
1582 697.137 
1583 695.128 
1584 693.071 
1585 690.967 
1586 688.817 
1587 686.622 
1588 684.383 
1589 682.1 
1590 679.775 
1591 677.407 
1592 674.999 
1593 672.55 
1594 670.063 
1595 667.537 
1596 664.973 
1597 662.373 
1598 659.737 
1599 657.067 
1600 654.362 
1601 651.625 
1602 648.855 
1603 646.055 
1604 643.226 
1605 640.369 
1606 637.484 
1607 634.574 
1608 631.64 
1609 628.682 
1610 625.702 
1611 622.702 
1612 619.682 
1613 616.644 
1614 613.589 
1615 610.519 
1616 607.434 
1617 604.337 
1618 601.227 
1619 598.107 
1620 594.979 
1621 591.842 
1622 588.699 
1623 585.551 
1624 582.4 
1625 579.246 
1626 576.091 
1627 572.936 
1628 569.783 
1629 566.633 
1630 563.488 
1631 560.349 
1632 557.216 
1633 554.093 
1634 550.98 
1635 547.878 
1636 544.789 
1637 541.715 
1638 538.656 
1639 535.615 
1640 532.593 
1641 529.59 
1642 526.61 
1643 523.652 
1644 520.719 
1645 517.813 
1646 514.933 
1647 512.083 
1648 509.264 
1649 506.476 
1650 503.723 
1651 501.004 
1652 498.321 
1653 495.673 
1654 493.061 
1655 490.485 
1656 487.945 
1657 485.441 
1658 482.974 
1659 480.544 
1660 478.151 
1661 475.795 
1662 473.477 
1663 471.196 
1664 468.953 
1665 466.748 
1666 464.581 
1667 462.453 
1668 460.363 
1669 458.312 
1670 456.3 
1671 454.328 
1672 452.395 
1673 450.502 
1674 448.649 
1675 446.836 
1676 445.063 
1677 443.331 
1678 441.639 
1679 439.989 
1680 438.379 
1681 436.812 
1682 435.286 
1683 433.801 
1684 432.359 
1685 430.959 
1686 429.602 
1687 428.287 
1688 427.015 
1689 425.787 
1690 424.601 
1691 423.46 
1692 422.362 
1693 421.308 
1694 420.299 
1695 419.334 
1696 418.413 
1697 417.538 
1698 416.708 
1699 415.923 
1700 415.183 
1701 414.49 
1702 413.842 
1703 413.238 
1704 412.679 
1705 412.163 
1706 411.691 
1707 411.262 
1708 410.874 
1709 410.529 
1710 410.224 
1711 409.96 
1712 409.736 
1713 409.551 
1714 409.405 
1715 409.298 
1716 409.228 
1717 409.196 
1718 409.2 
1719 409.24 
1720 409.316 
1721 409.427 
1722 409.573 
1723 409.752 
1724 409.964 
1725 410.209 
1726 410.486 
1727 410.795 
1728 411.134 
1729 411.504 
1730 411.903 
1731 412.332 
1732 412.789 
1733 413.273 
1734 413.785 
1735 414.324 
1736 414.889 
1737 415.479 
1738 416.094 
1739 416.733 
1740 417.395 
1741 418.081 
1742 418.788 
1743 419.517 
1744 420.268 
1745 421.038 
1746 421.828 
1747 422.637 
1748 423.465 
1749 424.31 
1750 425.172 
1751 426.051 
1752 426.945 
1753 427.854 
1754 428.777 
1755 429.713 
1756 430.662 
1757 431.623 
1758 432.594 
1759 433.576 
1760 434.568 
1761 435.568 
1762 436.576 
1763 437.591 
1764 438.612 
1765 439.639 
1766 440.67 
1767 441.705 
1768 442.744 
1769 443.784 
1770 444.826 
1771 445.869 
1772 446.911 
1773 447.952 
1774 448.992 
1775 450.028 
1776 451.062 
1777 452.09 
1778 453.114 
1779 454.131 
1780 455.141 
1781 456.144 
1782 457.137 
1783 458.122 
1784 459.095 
1785 460.058 
1786 461.008 
1787 461.945 
1788 462.868 
1789 463.777 
1790 464.669 
1791 465.545 
1792 466.404 
1793 467.244 
1794 468.064 
1795 468.865 
1796 469.644 
1797 470.401 
1798 471.135 
1799 471.845 
1800 472.53 
1801 473.189 
1802 473.822 
1803 474.429 
1804 475.009 
1805 475.561 
1806 476.086 
1807 476.583 
1808 477.051 
1809 477.491 
1810 477.902 
1811 478.283 
1812 478.635 
1813 478.956 
1814 479.247 
1815 479.507 
1816 479.736 
1817 479.933 
1818 480.098 
1819 480.231 
1820 480.331 
1821 480.398 
1822 480.431 
1823 480.431 
1824 480.396 
1825 480.327 
1826 480.222 
1827 480.083 
1828 479.907 
1829 479.695 
1830 479.447 
1831 479.161 
1832 478.839 
1833 478.478 
1834 478.08 
1835 477.643 
1836 477.167 
1837 476.651 
1838 476.096 
1839 475.501 
1840 474.865 
1841 474.189 
1842 473.471 
1843 472.711 
1844 471.909 
1845 471.065 
1846 470.177 
1847 469.246 
1848 468.272 
1849 467.253 
1850 466.19 
1851 465.082 
1852 463.929 
1853 462.733 
1854 461.493 
1855 460.212 
1856 458.889 
1857 457.525 
1858 456.12 
1859 454.676 
1860 453.194 
1861 451.673 
1862 450.115 
1863 448.52 
1864 446.889 
1865 445.223 
1866 443.522 
1867 441.787 
1868 440.02 
1869 438.22 
1870 436.388 
1871 434.525 
1872 432.633 
1873 430.711 
1874 428.76 
1875 426.781 
1876 424.776 
1877 422.743 
1878 420.686 
1879 418.603 
1880 416.497 
1881 414.367 
1882 412.214 
1883 410.04 
1884 407.845 
1885 405.63 
1886 403.395 
1887 401.142 
1888 398.871 
1889 396.583 
1890 394.279 
1891 391.96 
1892 389.626 
1893 387.278 
1894 384.917 
1895 382.545 
1896 380.161 
1897 377.766 
1898 375.362 
1899 372.95 
1900 370.529 
1901 368.102 
1902 365.668 
1903 363.229 
1904 360.785 
1905 358.338 
1906 355.888 
1907 353.436 
1908 350.984 
1909 348.531 
1910 346.079 
1911 343.629 
1912 341.181 
1913 338.738 
1914 336.298 
1915 333.864 
1916 331.436 
1917 329.015 
1918 326.603 
1919 324.199 
1920 321.806 
1921 319.423 
1922 317.052 
1923 314.694 
1924 312.35 
1925 310.02 
1926 307.706 
1927 305.409 
1928 303.129 
1929 300.868 
1930 298.626 
1931 296.404 
1932 294.204 
1933 292.027 
1934 289.872 
1935 287.743 
1936 285.638 
1937 283.56 
1938 281.509 
1939 279.486 
1940 277.493 
1941 275.53 
1942 273.599 
1943 271.7 
1944 269.834 
1945 268.003 
1946 266.207 
1947 264.448 
1948 262.727 
1949 261.043 
1950 259.4 
1951 257.797 
1952 256.234 
1953 254.71 
1954 253.224 
1955 251.776 
1956 250.365 
1957 248.989 
1958 247.65 
1959 246.344 
1960 245.073 
1961 243.834 
1962 242.628 
1963 241.452 
1964 240.308 
1965 239.193 
1966 238.107 
1967 237.049 
1968 236.019 
1969 235.015 
1970 234.037 
1971 233.084 
1972 232.154 
1973 231.248 
1974 230.365 
1975 229.503 
1976 228.661 
1977 227.839 
1978 227.037 
1979 226.252 
1980 225.485 
1981 224.735 
1982 223.999 
1983 223.279 
1984 222.572 
1985 221.879 
1986 221.197 
1987 220.527 
1988 219.867 
1989 219.216 
1990 218.574 
1991 217.94 
1992 217.312 
1993 216.69 
1994 216.073 
1995 215.46 
1996 214.85 
1997 214.242 
1998 213.636 
1999 213.03 
2000 212.423 
