-20 4447.96 0.00255681 1.49983e-16 4.16725e-06 2.22531e-05 1.17326e-13 1.7704e-23 0 0 
-19.978 4447.96 0.00244664 1.49983e-16 4.26004e-06 2.27486e-05 1.22609e-13 1.89131e-23 0 0 
-19.956 4447.96 0.00234122 1.49983e-16 4.35489e-06 2.32551e-05 1.2813e-13 2.02048e-23 0 0 
-19.9339 4447.96 0.00224034 1.49983e-16 4.45186e-06 2.37729e-05 1.33899e-13 2.15847e-23 0 0 
-19.9119 4447.96 0.00214381 1.49983e-16 4.55098e-06 2.43022e-05 1.39929e-13 2.30589e-23 0 0 
-19.8899 4447.96 0.00205144 1.49983e-16 4.65231e-06 2.48433e-05 1.46229e-13 2.46337e-23 0 0 
-19.8679 4447.96 0.00196304 1.49983e-16 4.7559e-06 2.53965e-05 1.52814e-13 2.63161e-23 0 0 
-19.8458 4447.96 0.00187846 1.49983e-16 4.86179e-06 2.5962e-05 1.59694e-13 2.81134e-23 0 0 
-19.8238 4447.96 0.00179752 1.49983e-16 4.97004e-06 2.654e-05 1.66885e-13 3.00335e-23 0 0 
-19.8018 4447.96 0.00172007 1.49983e-16 5.0807e-06 2.71309e-05 1.744e-13 3.20846e-23 0 0 
-19.7798 4447.96 0.00164595 1.49983e-16 5.19382e-06 2.7735e-05 1.82252e-13 3.42759e-23 0 0 
-19.7578 4447.96 0.00157503 1.49983e-16 5.30947e-06 2.83526e-05 1.90459e-13 3.66168e-23 0 0 
-19.7357 4447.96 0.00150717 1.49983e-16 5.42769e-06 2.89838e-05 1.99035e-13 3.91176e-23 0 0 
-19.7137 4447.96 0.00144223 1.49983e-16 5.54854e-06 2.96292e-05 2.07997e-13 4.17892e-23 0 0 
-19.6917 4447.96 0.00138008 1.49983e-16 5.67208e-06 3.02889e-05 2.17362e-13 4.46433e-23 0 0 
-19.6697 4447.96 0.00132062 1.49983e-16 5.79837e-06 3.09633e-05 2.2715e-13 4.76923e-23 0 0 
-19.6476 4447.96 0.00126371 1.49983e-16 5.92747e-06 3.16527e-05 2.37378e-13 5.09495e-23 0 0 
-19.6256 4447.96 0.00120926 1.49983e-16 6.05945e-06 3.23575e-05 2.48066e-13 5.44291e-23 0 0 
-19.6036 4447.96 0.00115716 1.49983e-16 6.19437e-06 3.30779e-05 2.59236e-13 5.81464e-23 0 0 
-19.5816 4447.96 0.0011073 1.49983e-16 6.33229e-06 3.38144e-05 2.70909e-13 6.21176e-23 0 0 
-19.5596 4447.96 0.00105959 1.49983e-16 6.47328e-06 3.45673e-05 2.83107e-13 6.636e-23 0 0 
-19.5375 4447.96 0.00101393 1.49983e-16 6.61741e-06 3.5337e-05 2.95854e-13 7.08922e-23 0 0 
-19.5155 4447.96 0.000970243 1.49983e-16 6.76475e-06 3.61237e-05 3.09176e-13 7.57339e-23 0 0 
-19.4935 4447.96 0.000928437 1.49983e-16 6.91537e-06 3.69281e-05 3.23097e-13 8.09062e-23 0 0 
-19.4715 4447.96 0.000888432 1.49983e-16 7.06934e-06 3.77503e-05 3.37646e-13 8.64318e-23 0 0 
-19.4494 4447.96 0.000850151 1.49983e-16 7.22674e-06 3.85908e-05 3.52849e-13 9.23348e-23 0 0 
-19.4274 4447.96 0.00081352 1.49983e-16 7.38764e-06 3.945e-05 3.68737e-13 9.86409e-23 0 0 
-19.4054 4447.96 0.000778466 1.49983e-16 7.55213e-06 4.03284e-05 3.8534e-13 1.05378e-22 0 0 
-19.3834 4447.96 0.000744924 1.49983e-16 7.72028e-06 4.12263e-05 4.02691e-13 1.12575e-22 0 0 
-19.3614 4447.96 0.000712826 1.49983e-16 7.89217e-06 4.21442e-05 4.20823e-13 1.20263e-22 0 0 
-19.3393 4447.96 0.000682112 1.49983e-16 8.0679e-06 4.30826e-05 4.39771e-13 1.28476e-22 0 0 
-19.3173 4447.96 0.000652721 1.49983e-16 8.24753e-06 4.40418e-05 4.59573e-13 1.37251e-22 0 0 
-19.2953 4447.96 0.000624596 1.49983e-16 8.43116e-06 4.50224e-05 4.80266e-13 1.46625e-22 0 0 
-19.2733 4447.96 0.000597684 1.49983e-16 8.61888e-06 4.60248e-05 5.01891e-13 1.56638e-22 0 0 
-19.2513 4447.96 0.000571931 1.49983e-16 8.81078e-06 4.70496e-05 5.2449e-13 1.67336e-22 0 0 
-19.2292 4447.96 0.000547287 1.49983e-16 9.00695e-06 4.80971e-05 5.48106e-13 1.78765e-22 0 0 
-19.2072 4447.96 0.000523706 1.49983e-16 9.20749e-06 4.9168e-05 5.72786e-13 1.90974e-22 0 0 
-19.1852 4447.96 0.00050114 1.49983e-16 9.4125e-06 5.02627e-05 5.98577e-13 2.04016e-22 0 0 
-19.1632 4447.96 0.000479547 1.49983e-16 9.62207e-06 5.13818e-05 6.25529e-13 2.1795e-22 0 0 
-19.1411 4447.96 0.000458884 1.49983e-16 9.8363e-06 5.25258e-05 6.53694e-13 2.32835e-22 0 0 
-19.1191 4447.96 0.000439111 1.49983e-16 1.00553e-05 5.36953e-05 6.83128e-13 2.48736e-22 0 0 
-19.0971 4447.96 0.000420191 1.49983e-16 1.02792e-05 5.48908e-05 7.13887e-13 2.65724e-22 0 0 
-19.0751 4447.96 0.000402086 1.49983e-16 1.0508e-05 5.6113e-05 7.46032e-13 2.83872e-22 0 0 
-19.0531 4447.96 0.000384761 1.49983e-16 1.0742e-05 5.73623e-05 7.79623e-13 3.03259e-22 0 0 
-19.031 4447.96 0.000368182 1.49983e-16 1.09812e-05 5.86395e-05 8.14727e-13 3.2397e-22 0 0 
-19.009 4447.96 0.000352318 1.49983e-16 1.12257e-05 5.99451e-05 8.51411e-13 3.46096e-22 0 0 
-18.987 4447.96 0.000337137 1.49983e-16 1.14756e-05 6.12797e-05 8.89748e-13 3.69733e-22 0 0 
-18.965 4447.96 0.00032261 1.49983e-16 1.17311e-05 6.26441e-05 9.2981e-13 3.94984e-22 0 0 
-18.9429 4447.96 0.00030871 1.49983e-16 1.19923e-05 6.40388e-05 9.71676e-13 4.2196e-22 0 0 
-18.9209 4447.96 0.000295408 1.49983e-16 1.22593e-05 6.54646e-05 1.01543e-12 4.50778e-22 0 0 
-18.8989 4447.96 0.000282679 1.49983e-16 1.25322e-05 6.69222e-05 1.06115e-12 4.81564e-22 0 0 
-18.8769 4447.96 0.000270499 1.49983e-16 1.28113e-05 6.84122e-05 1.10893e-12 5.14452e-22 0 0 
-18.8549 4447.96 0.000258844 1.49983e-16 1.30965e-05 6.99353e-05 1.15886e-12 5.49587e-22 0 0 
-18.8328 4447.96 0.000247691 1.49983e-16 1.33881e-05 7.14924e-05 1.21104e-12 5.87121e-22 0 0 
-18.8108 4447.96 0.000237018 1.49983e-16 1.36862e-05 7.30841e-05 1.26557e-12 6.27219e-22 0 0 
-18.7888 4447.96 0.000226805 1.49983e-16 1.39909e-05 7.47113e-05 1.32255e-12 6.70055e-22 0 0 
-18.7668 4447.96 0.000217033 1.49983e-16 1.43024e-05 7.63747e-05 1.3821e-12 7.15816e-22 0 0 
-18.7447 4447.96 0.000207681 1.49983e-16 1.46208e-05 7.80751e-05 1.44433e-12 7.64703e-22 0 0 
-18.7227 4447.96 0.000198733 1.49983e-16 1.49463e-05 7.98134e-05 1.50937e-12 8.16929e-22 0 0 
-18.7007 4447.96 0.00019017 1.49983e-16 1.52791e-05 8.15904e-05 1.57733e-12 8.72721e-22 0 0 
-18.6787 4447.96 0.000181976 1.49983e-16 1.56193e-05 8.34069e-05 1.64835e-12 9.32323e-22 0 0 
-18.6567 4447.96 0.000174135 1.49983e-16 1.5967e-05 8.52639e-05 1.72257e-12 9.95996e-22 0 0 
-18.6346 4447.96 0.000166631 1.49983e-16 1.63225e-05 8.71622e-05 1.80013e-12 1.06402e-21 0 0 
-18.6126 4447.96 0.000159452 1.49983e-16 1.66859e-05 8.91028e-05 1.88118e-12 1.13668e-21 0 0 
-18.5906 4447.96 0.000152581 1.49983e-16 1.70574e-05 9.10865e-05 1.96588e-12 1.21431e-21 0 0 
-18.5686 4447.96 0.000146007 1.49983e-16 1.74372e-05 9.31145e-05 2.0544e-12 1.29725e-21 0 0 
-18.5465 4447.96 0.000139715 1.49983e-16 1.78254e-05 9.51876e-05 2.1469e-12 1.38584e-21 0 0 
-18.5245 4447.96 0.000133695 1.49983e-16 1.82222e-05 9.73068e-05 2.24356e-12 1.48049e-21 0 0 
-18.5025 4447.96 0.000127935 1.49983e-16 1.86279e-05 9.94732e-05 2.34458e-12 1.5816e-21 0 0 
-18.4805 4447.96 0.000122422 1.49983e-16 1.90427e-05 0.000101688 2.45015e-12 1.68961e-21 0 0 
-18.4585 4447.96 0.000117147 1.49983e-16 1.94666e-05 0.000103952 2.56047e-12 1.805e-21 0 0 
-18.4364 4447.96 0.0001121 1.49983e-16 1.99e-05 0.000106266 2.67575e-12 1.92827e-21 0 0 
-18.4144 4447.96 0.000107269 1.49983e-16 2.03431e-05 0.000108632 2.79623e-12 2.05996e-21 0 0 
-18.3924 4447.96 0.000102647 1.49983e-16 2.0796e-05 0.00011105 2.92213e-12 2.20064e-21 0 0 
-18.3704 4447.96 9.82245e-05 1.49983e-16 2.12589e-05 0.000113523 3.0537e-12 2.35094e-21 0 0 
-18.3483 4447.96 9.39922e-05 1.49983e-16 2.17322e-05 0.00011605 3.19119e-12 2.51149e-21 0 0 
-18.3263 4447.96 8.99422e-05 1.49983e-16 2.22161e-05 0.000118634 3.33488e-12 2.68301e-21 0 0 
-18.3043 4447.96 8.60668e-05 1.49983e-16 2.27107e-05 0.000121275 3.48503e-12 2.86624e-21 0 0 
-18.2823 4447.96 8.23583e-05 1.49983e-16 2.32163e-05 0.000123975 3.64194e-12 3.06199e-21 0 0 
-18.2603 4447.96 7.88097e-05 1.49983e-16 2.37331e-05 0.000126735 3.80592e-12 3.27111e-21 0 0 
-18.2382 4447.96 7.54139e-05 1.49983e-16 2.42615e-05 0.000129556 3.97728e-12 3.4945e-21 0 0 
-18.2162 4447.96 7.21645e-05 1.49983e-16 2.48016e-05 0.000132441 4.15636e-12 3.73315e-21 0 0 
-18.1942 4447.96 6.9055e-05 1.49983e-16 2.53538e-05 0.000135389 4.3435e-12 3.98811e-21 0 0 
-18.1722 4447.96 6.60796e-05 1.49983e-16 2.59182e-05 0.000138403 4.53906e-12 4.26047e-21 0 0 
-18.1502 4447.96 6.32323e-05 1.49983e-16 2.64952e-05 0.000141485 4.74343e-12 4.55143e-21 0 0 
-18.1281 4447.96 6.05077e-05 1.49983e-16 2.70851e-05 0.000144634 4.957e-12 4.86226e-21 0 0 
-18.1061 4447.96 5.79006e-05 1.49983e-16 2.76881e-05 0.000147854 5.18019e-12 5.19432e-21 0 0 
-18.0841 4447.96 5.54057e-05 1.49983e-16 2.83045e-05 0.000151146 5.41342e-12 5.54906e-21 0 0 
-18.0621 4447.96 5.30184e-05 1.49983e-16 2.89346e-05 0.000154511 5.65716e-12 5.92802e-21 0 0 
-18.04 4447.96 5.07339e-05 1.49983e-16 2.95787e-05 0.00015795 5.91187e-12 6.33286e-21 0 0 
-18.018 4447.96 4.85479e-05 1.49983e-16 3.02372e-05 0.000161467 6.17804e-12 6.76535e-21 0 0 
-17.996 4447.96 4.64561e-05 1.49983e-16 3.09104e-05 0.000165061 6.4562e-12 7.22737e-21 0 0 
-17.974 4447.96 4.44544e-05 1.49983e-16 3.15985e-05 0.000168736 6.74689e-12 7.72095e-21 0 0 
-17.952 4447.96 4.25389e-05 1.49983e-16 3.23019e-05 0.000172492 7.05066e-12 8.24823e-21 0 0 
-17.9299 4447.96 4.0706e-05 1.49983e-16 3.3021e-05 0.000176332 7.3681e-12 8.81152e-21 0 0 
-17.9079 4447.96 3.8952e-05 1.49983e-16 3.37561e-05 0.000180258 7.69984e-12 9.41328e-21 0 0 
-17.8859 4447.96 3.72737e-05 1.49983e-16 3.45076e-05 0.00018427 8.04651e-12 1.00561e-20 0 0 
-17.8639 4447.96 3.56676e-05 1.49983e-16 3.52757e-05 0.000188372 8.40879e-12 1.07429e-20 0 0 
-17.8418 4447.96 3.41308e-05 1.49983e-16 3.6061e-05 0.000192566 8.78738e-12 1.14765e-20 0 0 
-17.8198 4447.96 3.26601e-05 1.49983e-16 3.68638e-05 0.000196853 9.18302e-12 1.22603e-20 0 0 
-17.7978 4447.96 3.12529e-05 1.49983e-16 3.76844e-05 0.000201235 9.59646e-12 1.30976e-20 0 0 
-17.7758 4447.96 2.99062e-05 1.49983e-16 3.85233e-05 0.000205714 1.00285e-11 1.3992e-20 0 0 
-17.7538 4447.96 2.86176e-05 1.49983e-16 3.93809e-05 0.000210294 1.048e-11 1.49476e-20 0 0 
-17.7317 4447.96 2.73845e-05 1.49983e-16 4.02575e-05 0.000214975 1.09519e-11 1.59684e-20 0 0 
-17.7097 4447.96 2.62046e-05 1.49983e-16 4.11536e-05 0.00021976 1.1445e-11 1.70589e-20 0 0 
-17.6877 4447.96 2.50755e-05 1.49983e-16 4.20697e-05 0.000224652 1.19602e-11 1.82238e-20 0 0 
-17.6657 4447.96 2.3995e-05 1.49983e-16 4.30062e-05 0.000229653 1.24987e-11 1.94683e-20 0 0 
-17.6436 4447.96 2.29611e-05 1.49983e-16 4.39635e-05 0.000234765 1.30614e-11 2.07979e-20 0 0 
-17.6216 4447.96 2.19718e-05 1.49983e-16 4.49422e-05 0.000239991 1.36495e-11 2.22182e-20 0 0 
-17.5996 4447.96 2.1025e-05 1.49983e-16 4.59426e-05 0.000245333 1.4264e-11 2.37354e-20 0 0 
-17.5776 4447.96 2.01191e-05 1.49983e-16 4.69652e-05 0.000250794 1.49062e-11 2.53563e-20 0 0 
-17.5556 4447.96 1.92522e-05 1.49983e-16 4.80107e-05 0.000256377 1.55773e-11 2.70879e-20 0 0 
-17.5335 4447.96 1.84227e-05 1.49983e-16 4.90794e-05 0.000262084 1.62786e-11 2.89378e-20 0 0 
-17.5115 4447.96 1.76289e-05 1.49983e-16 5.01718e-05 0.000267918 1.70115e-11 3.09139e-20 0 0 
-17.4895 4447.96 1.68693e-05 1.49983e-16 5.12886e-05 0.000273881 1.77773e-11 3.3025e-20 0 0 
-17.4675 4447.96 1.61424e-05 1.49983e-16 5.24302e-05 0.000279977 1.85777e-11 3.52803e-20 0 0 
-17.4454 4447.96 1.54469e-05 1.49983e-16 5.35973e-05 0.000286209 1.94141e-11 3.76896e-20 0 0 
-17.4234 4447.96 1.47813e-05 1.49983e-16 5.47903e-05 0.00029258 2.02881e-11 4.02634e-20 0 0 
-17.4014 4447.96 1.41444e-05 1.49983e-16 5.60098e-05 0.000299092 2.12015e-11 4.30129e-20 0 0 
-17.3794 4447.96 1.35349e-05 1.49983e-16 5.72565e-05 0.00030575 2.2156e-11 4.59502e-20 0 0 
-17.3574 4447.96 1.29517e-05 1.49983e-16 5.85309e-05 0.000312555 2.31534e-11 4.90881e-20 0 0 
-17.3353 4447.96 1.23937e-05 1.49983e-16 5.98337e-05 0.000319512 2.41958e-11 5.24402e-20 0 0 
-17.3133 4447.96 1.18596e-05 1.49983e-16 6.11654e-05 0.000326623 2.52851e-11 5.60213e-20 0 0 
-17.2913 4447.96 1.13486e-05 1.49983e-16 6.25268e-05 0.000333893 2.64234e-11 5.98469e-20 0 0 
-17.2693 4447.96 1.08596e-05 1.49983e-16 6.39185e-05 0.000341325 2.7613e-11 6.39337e-20 0 0 
-17.2472 4447.96 1.03917e-05 1.49983e-16 6.53411e-05 0.000348922 2.88561e-11 6.82996e-20 0 0 
-17.2252 4447.96 9.94396e-06 1.49983e-16 6.67954e-05 0.000356687 3.01551e-11 7.29636e-20 0 0 
-17.2032 4447.96 9.5155e-06 1.49983e-16 6.82821e-05 0.000364626 3.15127e-11 7.7946e-20 0 0 
-17.1812 4447.96 9.10549e-06 1.49983e-16 6.98018e-05 0.000372741 3.29313e-11 8.32688e-20 0 0 
-17.1592 4447.96 8.71315e-06 1.49983e-16 7.13553e-05 0.000381037 3.44138e-11 8.89549e-20 0 0 
-17.1371 4447.96 8.33772e-06 1.49983e-16 7.29434e-05 0.000389518 3.59631e-11 9.50293e-20 0 0 
-17.1151 4447.96 7.97846e-06 1.49983e-16 7.45668e-05 0.000398187 3.7582e-11 1.01519e-19 0 0 
-17.0931 4447.96 7.63468e-06 1.49983e-16 7.62263e-05 0.000407048 3.92739e-11 1.08451e-19 0 0 
-17.0711 4447.96 7.30572e-06 1.49983e-16 7.79227e-05 0.000416107 4.10419e-11 1.15856e-19 0 0 
-17.049 4447.96 6.99093e-06 1.49983e-16 7.96569e-05 0.000425368 4.28895e-11 1.23768e-19 0 0 
-17.027 4447.96 6.6897e-06 1.49983e-16 8.14297e-05 0.000434834 4.48202e-11 1.32219e-19 0 0 
-17.005 4447.96 6.40145e-06 1.49983e-16 8.32419e-05 0.000444511 4.68378e-11 1.41248e-19 0 0 
-16.983 4447.96 6.12563e-06 1.49983e-16 8.50943e-05 0.000454404 4.89463e-11 1.50893e-19 0 0 
-16.961 4447.96 5.86168e-06 1.49983e-16 8.6988e-05 0.000464516 5.11497e-11 1.61197e-19 0 0 
-16.9389 4447.96 5.60912e-06 1.49983e-16 8.89238e-05 0.000474853 5.34522e-11 1.72204e-19 0 0 
-16.9169 4447.96 5.36743e-06 1.49983e-16 9.09027e-05 0.00048542 5.58583e-11 1.83963e-19 0 0 
-16.8949 4447.96 5.13616e-06 1.49983e-16 9.29256e-05 0.000496223 5.83728e-11 1.96524e-19 0 0 
-16.8729 4447.96 4.91485e-06 1.49983e-16 9.49934e-05 0.000507265 6.10004e-11 2.09944e-19 0 0 
-16.8509 4447.96 4.70308e-06 1.49983e-16 9.71073e-05 0.000518553 6.37463e-11 2.24279e-19 0 0 
-16.8288 4447.96 4.50043e-06 1.49983e-16 9.92681e-05 0.000530092 6.66158e-11 2.39593e-19 0 0 
-16.8068 4447.96 4.30651e-06 1.49983e-16 0.000101477 0.000541887 6.96144e-11 2.55953e-19 0 0 
-16.7848 4447.96 4.12095e-06 1.49983e-16 0.000103735 0.000553945 7.2748e-11 2.7343e-19 0 0 
-16.7628 4447.96 3.94339e-06 1.49983e-16 0.000106043 0.000566271 7.60226e-11 2.92101e-19 0 0 
-16.7407 4447.96 3.77348e-06 1.49983e-16 0.000108403 0.000578872 7.94446e-11 3.12046e-19 0 0 
-16.7187 4447.96 3.61088e-06 1.49983e-16 0.000110815 0.000591752 8.30206e-11 3.33353e-19 0 0 
-16.6967 4447.96 3.4553e-06 1.49983e-16 0.000113281 0.000604918 8.67576e-11 3.56114e-19 0 0 
-16.6747 4447.96 3.30641e-06 1.49983e-16 0.000115801 0.000618378 9.06627e-11 3.8043e-19 0 0 
-16.6527 4447.96 3.16395e-06 1.49983e-16 0.000118378 0.000632136 9.47435e-11 4.06405e-19 0 0 
-16.6306 4447.96 3.02762e-06 1.49983e-16 0.000121011 0.000646201 9.9008e-11 4.34154e-19 0 0 
-16.6086 4447.96 2.89716e-06 1.49983e-16 0.000123704 0.000660578 1.03464e-10 4.63798e-19 0 0 
-16.5866 4447.96 2.77233e-06 1.49983e-16 0.000126456 0.000675275 1.08121e-10 4.95465e-19 0 0 
-16.5646 4447.96 2.65288e-06 1.49983e-16 0.000129269 0.000690299 1.12988e-10 5.29295e-19 0 0 
-16.5425 4447.96 2.53857e-06 1.49983e-16 0.000132145 0.000705656 1.18073e-10 5.65434e-19 0 0 
-16.5205 4447.96 2.42919e-06 1.49983e-16 0.000135085 0.000721355 1.23388e-10 6.0404e-19 0 0 
-16.4985 4447.96 2.32452e-06 1.49983e-16 0.00013809 0.000737403 1.28941e-10 6.45282e-19 0 0 
-16.4765 4447.96 2.22436e-06 1.49983e-16 0.000141162 0.000753807 1.34745e-10 6.8934e-19 0 0 
-16.4545 4447.96 2.12851e-06 1.49983e-16 0.000144303 0.000770577 1.40809e-10 7.36405e-19 0 0 
-16.4324 4447.96 2.0368e-06 1.49983e-16 0.000147513 0.000787718 1.47147e-10 7.86684e-19 0 0 
-16.4104 4447.96 1.94904e-06 1.49983e-16 0.000150794 0.000805241 1.53769e-10 8.40395e-19 0 0 
-16.3884 4447.96 1.86506e-06 1.49983e-16 0.000154149 0.000823153 1.6069e-10 8.97772e-19 0 0 
-16.3664 4447.96 1.7847e-06 1.49983e-16 0.000157577 0.000841464 1.67922e-10 9.59067e-19 0 0 
-16.3443 4447.96 1.7078e-06 1.49983e-16 0.000161083 0.000860181 1.75479e-10 1.02455e-18 0 0 
-16.3223 4447.96 1.63421e-06 1.49983e-16 0.000164666 0.000879314 1.83376e-10 1.09449e-18 0 0 
-16.3003 4447.96 1.5638e-06 1.49983e-16 0.000168328 0.000898872 1.91629e-10 1.16922e-18 0 0 
-16.2783 4447.96 1.49641e-06 1.49983e-16 0.000172072 0.000918865 2.00253e-10 1.24904e-18 0 0 
-16.2563 4447.96 1.43194e-06 1.49983e-16 0.000175899 0.000939302 2.09265e-10 1.33432e-18 0 0 
-16.2342 4447.96 1.37024e-06 1.49983e-16 0.000179811 0.000960193 2.18682e-10 1.42541e-18 0 0 
-16.2122 4447.96 1.3112e-06 1.49983e-16 0.00018381 0.000981548 2.28523e-10 1.52273e-18 0 0 
-16.1902 4447.96 1.2547e-06 1.49983e-16 0.000187898 0.00100338 2.38807e-10 1.62668e-18 0 0 
-16.1682 4447.96 1.20064e-06 1.49983e-16 0.000192077 0.00102569 2.49554e-10 1.73773e-18 0 0 
-16.1461 4447.96 1.1489e-06 1.49983e-16 0.000196349 0.0010485 2.60784e-10 1.85636e-18 0 0 
-16.1241 4447.96 1.0994e-06 1.49983e-16 0.000200715 0.00107182 2.72519e-10 1.98309e-18 0 0 
-16.1021 4447.96 1.05203e-06 1.49983e-16 0.000205178 0.00109565 2.84782e-10 2.11847e-18 0 0 
-16.0801 4447.96 1.0067e-06 1.49983e-16 0.000209741 0.00112002 2.97596e-10 2.2631e-18 0 0 
-16.0581 4447.96 9.63321e-07 1.49983e-16 0.000214405 0.00114492 3.10988e-10 2.41759e-18 0 0 
-16.036 4447.96 9.21813e-07 1.49983e-16 0.000219172 0.00117038 3.24981e-10 2.58262e-18 0 0 
-16.014 4447.96 8.82094e-07 1.49983e-16 0.000224045 0.0011964 3.39604e-10 2.75892e-18 0 0 
-15.992 4447.96 8.44086e-07 1.49983e-16 0.000229027 0.001223 3.54884e-10 2.94726e-18 0 0 
-15.97 4447.96 8.07716e-07 1.49983e-16 0.000234119 0.00125019 3.70852e-10 3.14845e-18 0 0 
-15.9479 4447.96 7.72913e-07 1.49983e-16 0.000239324 0.00127799 3.87538e-10 3.36336e-18 0 0 
-15.9259 4447.96 7.39609e-07 1.49983e-16 0.000244644 0.0013064 4.04975e-10 3.59295e-18 0 0 
-15.9039 4447.96 7.07741e-07 1.49983e-16 0.000250083 0.00133544 4.23196e-10 3.83821e-18 0 0 
-15.8819 4447.96 6.77246e-07 1.49983e-16 0.000255642 0.00136513 4.42236e-10 4.1002e-18 0 0 
-15.8599 4447.96 6.48064e-07 1.49983e-16 0.000261325 0.00139548 4.62132e-10 4.38008e-18 0 0 
-15.8378 4447.96 6.20141e-07 1.49983e-16 0.000267134 0.0014265 4.82924e-10 4.67905e-18 0 0 
-15.8158 4447.96 5.9342e-07 1.49983e-16 0.000273072 0.0014582 5.0465e-10 4.99843e-18 0 0 
-15.7938 4447.96 5.6785e-07 1.49983e-16 0.000279141 0.00149061 5.27353e-10 5.3396e-18 0 0 
-15.7718 4447.96 5.43383e-07 1.49983e-16 0.000285345 0.00152374 5.51077e-10 5.70406e-18 0 0 
-15.7497 4447.96 5.19969e-07 1.49983e-16 0.000291687 0.00155761 5.75868e-10 6.09339e-18 0 0 
-15.7277 4447.96 4.97565e-07 1.49983e-16 0.00029817 0.00159223 6.01774e-10 6.50928e-18 0 0 
-15.7057 4447.96 4.76126e-07 1.49983e-16 0.000304796 0.00162761 6.28844e-10 6.95355e-18 0 0 
-15.6837 4447.96 4.5561e-07 1.49983e-16 0.000311569 0.00166378 6.57132e-10 7.42814e-18 0 0 
-15.6617 4447.96 4.35979e-07 1.49983e-16 0.000318493 0.00170075 6.86691e-10 7.93512e-18 0 0 
-15.6396 4447.96 4.17193e-07 1.49983e-16 0.00032557 0.00173854 7.1758e-10 8.47668e-18 0 0 
-15.6176 4447.96 3.99217e-07 1.49983e-16 0.000332804 0.00177717 7.49857e-10 9.0552e-18 0 0 
-15.5956 4447.96 3.82016e-07 1.49983e-16 0.000340198 0.00181666 7.83585e-10 9.67319e-18 0 0 
-15.5736 4447.96 3.65555e-07 1.49983e-16 0.000347756 0.00185702 8.18829e-10 1.03333e-17 0 0 
-15.5516 4447.96 3.49804e-07 1.49983e-16 0.000355482 0.00189828 8.55657e-10 1.10385e-17 0 0 
-15.5295 4447.96 3.34732e-07 1.49983e-16 0.000363379 0.00194045 8.94141e-10 1.17919e-17 0 0 
-15.5075 4447.96 3.20309e-07 1.49983e-16 0.000371451 0.00198355 9.34355e-10 1.25966e-17 0 0 
-15.4855 4447.96 3.06507e-07 1.49983e-16 0.000379702 0.00202761 9.76376e-10 1.34562e-17 0 0 
-15.4635 4447.96 2.933e-07 1.49983e-16 0.000388136 0.00207265 1.02029e-09 1.43744e-17 0 0 
-15.4414 4447.96 2.80663e-07 1.49983e-16 0.000396757 0.00211868 1.06617e-09 1.53553e-17 0 0 
-15.4194 4447.96 2.68569e-07 1.49983e-16 0.000405568 0.00216573 1.11412e-09 1.64031e-17 0 0 
-15.3974 4447.96 2.56997e-07 1.49983e-16 0.000414575 0.00221383 1.16422e-09 1.75224e-17 0 0 
-15.3754 4447.96 2.45924e-07 1.49983e-16 0.000423781 0.00226299 1.21657e-09 1.8718e-17 0 0 
-15.3534 4447.96 2.35327e-07 1.49983e-16 0.000433191 0.00231324 1.27127e-09 1.99952e-17 0 0 
-15.3313 4447.96 2.25187e-07 1.49983e-16 0.00044281 0.0023646 1.32843e-09 2.13595e-17 0 0 
-15.3093 4447.96 2.15485e-07 1.49983e-16 0.000452641 0.0024171 1.38816e-09 2.28169e-17 0 0 
-15.2873 4447.96 2.062e-07 1.49983e-16 0.00046269 0.00247077 1.45058e-09 2.43737e-17 0 0 
-15.2653 4447.96 1.97315e-07 1.49983e-16 0.000472962 0.00252562 1.5158e-09 2.60367e-17 0 0 
-15.2432 4447.96 1.88813e-07 1.49983e-16 0.000483461 0.00258168 1.58394e-09 2.7813e-17 0 0 
-15.2212 4447.96 1.80677e-07 1.49983e-16 0.000494192 0.00263898 1.65515e-09 2.97106e-17 0 0 
-15.1992 4447.96 1.72892e-07 1.49983e-16 0.00050516 0.00269756 1.72956e-09 3.17375e-17 0 0 
-15.1772 4447.96 1.65443e-07 1.49983e-16 0.000516372 0.00275742 1.80731e-09 3.39027e-17 0 0 
-15.1552 4447.96 1.58314e-07 1.49983e-16 0.000527831 0.00281862 1.88855e-09 3.62155e-17 0 0 
-15.1331 4447.96 1.51493e-07 1.49983e-16 0.000539544 0.00288116 1.97345e-09 3.8686e-17 0 0 
-15.1111 4447.96 1.44965e-07 1.49983e-16 0.000551515 0.00294509 2.06215e-09 4.1325e-17 0 0 
-15.0891 4447.96 1.38719e-07 1.49983e-16 0.000563751 0.00301043 2.15484e-09 4.4144e-17 0 0 
-15.0671 4447.96 1.32742e-07 1.49983e-16 0.000576258 0.00307722 2.25169e-09 4.71551e-17 0 0 
-15.045 4447.96 1.27022e-07 1.49983e-16 0.000589041 0.00314548 2.35289e-09 5.03716e-17 0 0 
-15.023 4447.96 1.21549e-07 1.49983e-16 0.000602107 0.00321525 2.45863e-09 5.38074e-17 0 0 
-15.001 4447.96 1.16312e-07 1.49983e-16 0.000615462 0.00328656 2.56912e-09 5.74774e-17 0 0 
-14.979 4447.96 1.113e-07 1.49983e-16 0.000629111 0.00335945 2.68457e-09 6.13976e-17 0 0 
-14.957 4447.96 1.06504e-07 1.49983e-16 0.000643062 0.00343395 2.8052e-09 6.55851e-17 0 0 
-14.9349 4447.96 1.01915e-07 1.49983e-16 0.000657321 0.00351009 2.93125e-09 7.0058e-17 0 0 
-14.9129 4447.96 9.75238e-08 1.49983e-16 0.000671894 0.00358792 3.06295e-09 7.48358e-17 0 0 
-14.8909 4447.96 9.33217e-08 1.49983e-16 0.00068679 0.00366746 3.20057e-09 7.99393e-17 0 0 
-14.8689 4447.96 8.93006e-08 1.49983e-16 0.000702014 0.00374876 3.34436e-09 8.53907e-17 0 0 
-14.8468 4447.96 8.54528e-08 1.49983e-16 0.000717574 0.00383185 3.49461e-09 9.12136e-17 0 0 
-14.8248 4447.96 8.17708e-08 1.49983e-16 0.000733478 0.00391677 3.65159e-09 9.74334e-17 0 0 
-14.8028 4447.96 7.82474e-08 1.49983e-16 0.000749732 0.00400357 3.81562e-09 1.04077e-16 0 0 
-14.7808 4447.96 7.48759e-08 1.49983e-16 0.000766345 0.00409228 3.98701e-09 1.11173e-16 0 0 
-14.7588 4447.96 7.16496e-08 1.49983e-16 0.000783323 0.00418295 4.16609e-09 1.18753e-16 0 0 
-14.7367 4447.96 6.85624e-08 1.49983e-16 0.000800677 0.00427561 4.3532e-09 1.2685e-16 0 0 
-14.7147 4447.96 6.56081e-08 1.49983e-16 0.000818412 0.00437032 4.5487e-09 1.35498e-16 0 0 
-14.6927 4447.96 6.27812e-08 1.49983e-16 0.000836539 0.00446712 4.75298e-09 1.44736e-16 0 0 
-14.6707 4447.96 6.00761e-08 1.49983e-16 0.000855064 0.00456604 4.96641e-09 1.54602e-16 0 0 
-14.6486 4447.96 5.74875e-08 1.49983e-16 0.000873998 0.00466715 5.18941e-09 1.65141e-16 0 0 
-14.6266 4447.96 5.50105e-08 1.49983e-16 0.000893348 0.00477048 5.42241e-09 1.76398e-16 0 0 
-14.6046 4447.96 5.26402e-08 1.49983e-16 0.000913125 0.00487609 5.66586e-09 1.88422e-16 0 0 
-14.5826 4447.96 5.0372e-08 1.49983e-16 0.000933336 0.00498402 5.92022e-09 2.01265e-16 0 0 
-14.5606 4447.96 4.82016e-08 1.49983e-16 0.000953993 0.00509432 6.18599e-09 2.14982e-16 0 0 
-14.5385 4447.96 4.61246e-08 1.49983e-16 0.000975103 0.00520705 6.46366e-09 2.29634e-16 0 0 
-14.5165 4447.96 4.41372e-08 1.49983e-16 0.000996678 0.00532226 6.75378e-09 2.45284e-16 0 0 
-14.4945 4447.96 4.22354e-08 1.49983e-16 0.00101873 0.00544 7.0569e-09 2.61999e-16 0 0 
-14.4725 4447.96 4.04156e-08 1.49983e-16 0.00104126 0.00556033 7.3736e-09 2.79853e-16 0 0 
-14.4505 4447.96 3.86741e-08 1.49983e-16 0.00106429 0.0056833 7.70449e-09 2.98922e-16 0 0 
-14.4284 4447.96 3.70077e-08 1.49983e-16 0.00108782 0.00580898 8.0502e-09 3.1929e-16 0 0 
-14.4064 4447.96 3.54131e-08 1.49983e-16 0.00111187 0.00593741 8.41139e-09 3.41044e-16 0 0 
-14.3844 4447.96 3.38873e-08 1.49983e-16 0.00113645 0.00606866 8.78876e-09 3.64279e-16 0 0 
-14.3624 4447.96 3.24271e-08 1.49983e-16 0.00116157 0.00620279 9.18303e-09 3.89096e-16 0 0 
-14.3403 4447.96 3.10299e-08 1.49983e-16 0.00118724 0.00633987 9.59496e-09 4.15602e-16 0 0 
-14.3183 4447.96 2.96929e-08 1.49983e-16 0.00121347 0.00647994 1.00253e-08 4.43912e-16 0 0 
-14.2963 4447.96 2.84135e-08 1.49983e-16 0.00124028 0.00662309 1.0475e-08 4.74149e-16 0 0 
-14.2743 4447.96 2.71892e-08 1.49983e-16 0.00126767 0.00676938 1.09447e-08 5.06443e-16 0 0 
-14.2523 4447.96 2.60176e-08 1.49983e-16 0.00129567 0.00691887 1.14355e-08 5.40935e-16 0 0 
-14.2302 4447.96 2.48966e-08 1.49983e-16 0.00132428 0.00707164 1.19482e-08 5.77774e-16 0 0 
-14.2082 4447.96 2.38238e-08 1.49983e-16 0.00135351 0.00722774 1.24839e-08 6.17119e-16 0 0 
-14.1862 4447.96 2.27973e-08 1.49983e-16 0.00138338 0.00738727 1.30435e-08 6.5914e-16 0 0 
-14.1642 4447.96 2.1815e-08 1.49983e-16 0.00141391 0.00755028 1.36282e-08 7.0402e-16 0 0 
-14.1421 4447.96 2.08751e-08 1.49983e-16 0.0014451 0.00771686 1.4239e-08 7.51953e-16 0 0 
-14.1201 4447.96 1.99756e-08 1.49983e-16 0.00147698 0.00788707 1.48771e-08 8.03145e-16 0 0 
-14.0981 4447.96 1.91149e-08 1.49983e-16 0.00150955 0.00806101 1.55438e-08 8.57819e-16 0 0 
-14.0761 4447.96 1.82912e-08 1.49983e-16 0.00154284 0.00823874 1.62402e-08 9.16211e-16 0 0 
-14.0541 4447.96 1.75031e-08 1.49983e-16 0.00157685 0.00842035 1.69678e-08 9.78572e-16 0 0 
-14.032 4447.96 1.67489e-08 1.49983e-16 0.0016116 0.00860593 1.77279e-08 1.04517e-15 0 0 
-14.01 4447.96 1.60273e-08 1.49983e-16 0.00164711 0.00879555 1.85219e-08 1.1163e-15 0 0 
-13.988 4447.96 1.53367e-08 1.49983e-16 0.00168339 0.0089893 1.93515e-08 1.19227e-15 0 0 
-13.966 4447.96 1.46758e-08 1.49983e-16 0.00172046 0.00918728 2.0218e-08 1.27339e-15 0 0 
-13.9439 4447.96 1.40435e-08 1.49983e-16 0.00175835 0.00938957 2.11233e-08 1.36003e-15 0 0 
-13.9219 4447.96 1.34384e-08 1.49983e-16 0.00179705 0.00959625 2.20689e-08 1.45256e-15 0 0 
-13.8999 4447.96 1.28593e-08 1.49983e-16 0.0018366 0.00980744 2.30568e-08 1.55137e-15 0 0 
-13.8779 4447.96 1.23053e-08 1.49983e-16 0.00187701 0.0100232 2.40888e-08 1.65689e-15 0 0 
-13.8559 4447.96 1.1775e-08 1.49983e-16 0.00191829 0.0102437 2.51668e-08 1.76958e-15 0 0 
-13.8338 4447.96 1.12677e-08 1.49983e-16 0.00196047 0.0104689 2.62929e-08 1.88993e-15 0 0 
-13.8118 4447.96 1.07822e-08 1.49983e-16 0.00200357 0.0106991 2.74692e-08 2.01845e-15 0 0 
-13.7898 4447.96 1.03176e-08 1.49983e-16 0.00204761 0.0109342 2.8698e-08 2.15569e-15 0 0 
-13.7678 4447.96 9.87302e-09 1.49983e-16 0.00209259 0.0111744 2.99816e-08 2.30226e-15 0 0 
-13.7457 4447.96 9.44761e-09 1.49983e-16 0.00213856 0.0114199 3.13223e-08 2.45877e-15 0 0 
-13.7237 4447.96 9.04053e-09 1.49983e-16 0.00218551 0.0116706 3.27228e-08 2.6259e-15 0 0 
-13.7017 4447.96 8.65099e-09 1.49983e-16 0.00223349 0.0119268 3.41858e-08 2.80438e-15 0 0 
-13.6797 4447.96 8.27823e-09 1.49983e-16 0.0022825 0.0121886 3.57138e-08 2.99497e-15 0 0 
-13.6577 4447.96 7.92154e-09 1.49983e-16 0.00233257 0.0124559 3.73099e-08 3.19848e-15 0 0 
-13.6356 4447.96 7.58022e-09 1.49983e-16 0.00238372 0.0127291 3.89771e-08 3.41581e-15 0 0 
-13.6136 4447.96 7.2536e-09 1.49983e-16 0.00243598 0.0130081 4.07185e-08 3.64787e-15 0 0 
-13.5916 4447.96 6.94105e-09 1.49983e-16 0.00248937 0.0132932 4.25373e-08 3.89567e-15 0 0 
-13.5696 4447.96 6.64198e-09 1.49983e-16 0.0025439 0.0135844 4.44371e-08 4.16027e-15 0 0 
-13.5475 4447.96 6.35579e-09 1.49983e-16 0.00259961 0.0138819 4.64214e-08 4.44281e-15 0 0 
-13.5255 4447.96 6.08193e-09 1.49983e-16 0.00265652 0.0141858 4.84939e-08 4.7445e-15 0 0 
-13.5035 4447.96 5.81987e-09 1.49983e-16 0.00271465 0.0144962 5.06585e-08 5.06664e-15 0 0 
-13.4815 4447.96 5.5691e-09 1.49983e-16 0.00277403 0.0148133 5.29193e-08 5.4106e-15 0 0 
-13.4595 4447.96 5.32914e-09 1.49983e-16 0.00283469 0.0151373 5.52805e-08 5.77787e-15 0 0 
-13.4374 4447.96 5.09951e-09 1.49983e-16 0.00289665 0.0154681 5.77466e-08 6.17001e-15 0 0 
-13.4154 4447.96 4.87979e-09 1.49983e-16 0.00295994 0.0158061 6.03221e-08 6.58872e-15 0 0 
-13.3934 4447.96 4.66952e-09 1.49983e-16 0.00302458 0.0161513 6.3012e-08 7.03577e-15 0 0 
-13.3714 4447.96 4.46832e-09 1.49983e-16 0.00309061 0.0165038 6.58212e-08 7.51308e-15 0 0 
-13.3493 4447.96 4.27579e-09 1.49983e-16 0.00315805 0.016864 6.8755e-08 8.02271e-15 0 0 
-13.3273 4447.96 4.09155e-09 1.49983e-16 0.00322692 0.0172318 7.1819e-08 8.56682e-15 0 0 
-13.3053 4447.96 3.91526e-09 1.49983e-16 0.00329727 0.0176074 7.50187e-08 9.14774e-15 0 0 
-13.2833 4447.96 3.74656e-09 1.49983e-16 0.00336912 0.0179911 7.83602e-08 9.76796e-15 0 0 
-13.2613 4447.96 3.58512e-09 1.49983e-16 0.00344251 0.018383 8.18497e-08 1.04301e-14 0 0 
-13.2392 4447.96 3.43065e-09 1.49983e-16 0.00351745 0.0187832 8.54937e-08 1.11371e-14 0 0 
-13.2172 4447.96 3.28283e-09 1.49983e-16 0.00359398 0.0191919 8.9299e-08 1.18918e-14 0 0 
-13.1952 4447.96 3.14138e-09 1.49983e-16 0.00367215 0.0196093 9.32727e-08 1.26975e-14 0 0 
-13.1732 4447.96 3.00602e-09 1.49983e-16 0.00375197 0.0200355 9.74221e-08 1.35577e-14 0 0 
-13.1512 4447.96 2.8765e-09 1.49983e-16 0.00383348 0.0204708 1.01755e-07 1.4476e-14 0 0 
-13.1291 4447.96 2.75255e-09 1.49983e-16 0.00391671 0.0209153 1.06279e-07 1.54563e-14 0 0 
-13.1071 4447.96 2.63395e-09 1.49983e-16 0.00400171 0.0213691 1.11003e-07 1.65028e-14 0 0 
-13.0851 4447.96 2.52046e-09 1.49983e-16 0.00408851 0.0218326 1.15936e-07 1.76199e-14 0 0 
-13.0631 4447.96 2.41186e-09 1.49983e-16 0.00417713 0.0223059 1.21087e-07 1.88125e-14 0 0 
-13.041 4447.96 2.30793e-09 1.49983e-16 0.00426762 0.0227891 1.26465e-07 2.00855e-14 0 0 
-13.019 4447.96 2.20849e-09 1.49983e-16 0.00436002 0.0232825 1.3208e-07 2.14443e-14 0 0 
-12.997 4447.96 2.11333e-09 1.49983e-16 0.00445436 0.0237863 1.37942e-07 2.28948e-14 0 0 
-12.975 4447.96 2.02227e-09 1.49983e-16 0.00455068 0.0243006 1.44063e-07 2.44431e-14 0 0 
-12.953 4447.96 1.93513e-09 1.49983e-16 0.00464902 0.0248258 1.50453e-07 2.60957e-14 0 0 
-12.9309 4447.96 1.85175e-09 1.49983e-16 0.00474942 0.0253619 1.57124e-07 2.78597e-14 0 0 
-12.9089 4447.96 1.77196e-09 1.49983e-16 0.00485192 0.0259093 1.64089e-07 2.97425e-14 0 0 
-12.8869 4447.96 1.69561e-09 1.49983e-16 0.00495656 0.026468 1.71361e-07 3.17521e-14 0 0 
-12.8649 4447.96 1.62255e-09 1.49983e-16 0.00506338 0.0270385 1.78952e-07 3.3897e-14 0 0 
-12.8428 4447.96 1.55264e-09 1.49983e-16 0.00517243 0.0276208 1.86876e-07 3.61862e-14 0 0 
-12.8208 4447.96 1.48574e-09 1.49983e-16 0.00528374 0.0282152 1.95148e-07 3.86294e-14 0 0 
-12.7988 4447.96 1.42172e-09 1.49983e-16 0.00539736 0.0288219 2.03783e-07 4.12369e-14 0 0 
-12.7768 4447.96 1.36046e-09 1.49983e-16 0.00551334 0.0294412 2.12797e-07 4.40198e-14 0 0 
-12.7548 4447.96 1.30184e-09 1.49983e-16 0.00563172 0.0300734 2.22206e-07 4.69896e-14 0 0 
-12.7327 4447.96 1.24575e-09 1.49983e-16 0.00575254 0.0307186 2.32027e-07 5.0159e-14 0 0 
-12.7107 4447.96 1.19207e-09 1.49983e-16 0.00587586 0.0313771 2.42279e-07 5.35412e-14 0 0 
-12.6887 4447.96 1.14071e-09 1.49983e-16 0.00600172 0.0320492 2.52978e-07 5.71506e-14 0 0 
-12.6667 4447.96 1.09156e-09 1.49983e-16 0.00613016 0.032735 2.64146e-07 6.10021e-14 0 0 
-12.6446 4447.96 1.04452e-09 1.49983e-16 0.00626124 0.033435 2.75801e-07 6.5112e-14 0 0 
-12.6226 4447.96 9.99516e-10 1.49983e-16 0.006395 0.0341493 2.87965e-07 6.94976e-14 0 0 
-12.6006 4447.96 9.56448e-10 1.49983e-16 0.00653149 0.0348782 3.0066e-07 7.41771e-14 0 0 
-12.5786 4447.96 9.15237e-10 1.49983e-16 0.00667078 0.0356219 3.13909e-07 7.91702e-14 0 0 
-12.5566 4447.96 8.75801e-10 1.49983e-16 0.00681289 0.0363809 3.27735e-07 8.44978e-14 0 0 
-12.5345 4447.96 8.38064e-10 1.49983e-16 0.0069579 0.0371552 3.42164e-07 9.0182e-14 0 0 
-12.5125 4447.96 8.01954e-10 1.49983e-16 0.00710585 0.0379452 3.5722e-07 9.62466e-14 0 0 
-12.4905 4447.96 7.67399e-10 1.49983e-16 0.00725679 0.0387512 3.72931e-07 1.02717e-13 0 0 
-12.4685 4447.96 7.34333e-10 1.49983e-16 0.00741078 0.0395736 3.89324e-07 1.0962e-13 0 0 
-12.4464 4447.96 7.02692e-10 1.49983e-16 0.00756787 0.0404124 4.0643e-07 1.16984e-13 0 0 
-12.4244 4447.96 6.72414e-10 1.49983e-16 0.00772812 0.0412682 4.24278e-07 1.24841e-13 0 0 
-12.4024 4447.96 6.43441e-10 1.49983e-16 0.00789159 0.0421411 4.42899e-07 1.33222e-13 0 0 
-12.3804 4447.96 6.15716e-10 1.49983e-16 0.00805833 0.0430315 4.62327e-07 1.42162e-13 0 0 
-12.3584 4447.96 5.89186e-10 1.49983e-16 0.0082284 0.0439396 4.82596e-07 1.51699e-13 0 0 
-12.3363 4447.96 5.63799e-10 1.49983e-16 0.00840186 0.0448659 5.03741e-07 1.61871e-13 0 0 
-12.3143 4447.96 5.39506e-10 1.49983e-16 0.00857876 0.0458106 5.258e-07 1.72722e-13 0 0 
-12.2923 4447.96 5.1626e-10 1.49983e-16 0.00875917 0.046774 5.48811e-07 1.84295e-13 0 0 
-12.2703 4447.96 4.94015e-10 1.49983e-16 0.00894314 0.0477564 5.72815e-07 1.96639e-13 0 0 
-12.2482 4447.96 4.72729e-10 1.49983e-16 0.00913075 0.0487582 5.97853e-07 2.09804e-13 0 0 
-12.2262 4447.96 4.5236e-10 1.49983e-16 0.00932204 0.0497797 6.23969e-07 2.23844e-13 0 0 
-12.2042 4447.96 4.32869e-10 1.49983e-16 0.00951708 0.0508212 6.51209e-07 2.38818e-13 0 0 
-12.1822 4447.96 4.14217e-10 1.49983e-16 0.00971594 0.0518831 6.79619e-07 2.54786e-13 0 0 
-12.1602 4447.96 3.96369e-10 1.49983e-16 0.00991867 0.0529657 7.09248e-07 2.71815e-13 0 0 
-12.1381 4447.96 3.7929e-10 1.49983e-16 0.0101253 0.0540694 7.40148e-07 2.89973e-13 0 0 
-12.1161 4447.96 3.62947e-10 1.49983e-16 0.010336 0.0551944 7.72371e-07 3.09335e-13 0 0 
-12.0941 4447.96 3.47309e-10 1.49983e-16 0.0105508 0.0563411 8.05974e-07 3.2998e-13 0 0 
-12.0721 4447.96 3.32344e-10 1.49983e-16 0.0107697 0.05751 8.41013e-07 3.51993e-13 0 0 
-12.0501 4447.96 3.18024e-10 1.49983e-16 0.0109928 0.0587013 8.77548e-07 3.75462e-13 0 0 
-12.028 4447.96 3.04321e-10 1.49983e-16 0.0112201 0.0599154 9.15642e-07 4.00483e-13 0 0 
-12.006 4447.96 2.91208e-10 1.49983e-16 0.0114518 0.0611526 9.55359e-07 4.27159e-13 0 0 
-11.984 4447.96 2.7866e-10 1.49983e-16 0.0116879 0.0624133 9.96766e-07 4.55596e-13 0 0 
-11.962 4447.96 2.66653e-10 1.49983e-16 0.0119285 0.063698 1.03993e-06 4.8591e-13 0 0 
-11.9399 4447.96 2.55164e-10 1.49983e-16 0.0121736 0.0650068 1.08493e-06 5.18224e-13 0 0 
-11.9179 4447.96 2.44169e-10 1.49983e-16 0.0124233 0.0663403 1.13184e-06 5.52668e-13 0 0 
-11.8959 4447.96 2.33648e-10 1.49983e-16 0.0126777 0.0676987 1.18073e-06 5.8938e-13 0 0 
-11.8739 4447.96 2.23581e-10 1.49983e-16 0.0129368 0.0690825 1.2317e-06 6.28508e-13 0 0 
-11.8519 4447.96 2.13947e-10 1.49983e-16 0.0132007 0.0704919 1.28481e-06 6.70209e-13 0 0 
-11.8298 4447.96 2.04729e-10 1.49983e-16 0.0134696 0.0719275 1.34017e-06 7.14651e-13 0 0 
-11.8078 4447.96 1.95907e-10 1.49983e-16 0.0137434 0.0733895 1.39785e-06 7.62011e-13 0 0 
-11.7858 4447.96 1.87466e-10 1.49983e-16 0.0140222 0.0748783 1.45797e-06 8.12478e-13 0 0 
-11.7638 4447.96 1.79388e-10 1.49983e-16 0.0143061 0.0763944 1.52061e-06 8.66253e-13 0 0 
-11.7417 4447.96 1.71659e-10 1.49983e-16 0.0145951 0.077938 1.58588e-06 9.23551e-13 0 0 
-11.7197 4447.96 1.64262e-10 1.49983e-16 0.0148894 0.0795096 1.65388e-06 9.84598e-13 0 0 
-11.6977 4447.96 1.57185e-10 1.49983e-16 0.015189 0.0811095 1.72472e-06 1.04964e-12 0 0 
-11.6757 4447.96 1.50412e-10 1.49983e-16 0.015494 0.0827381 1.79853e-06 1.11893e-12 0 0 
-11.6537 4447.96 1.43931e-10 1.49983e-16 0.0158044 0.0843957 1.87541e-06 1.19274e-12 0 0 
-11.6316 4447.96 1.37729e-10 1.49983e-16 0.0161204 0.0860829 1.9555e-06 1.27136e-12 0 0 
-11.6096 4447.96 1.31795e-10 1.49983e-16 0.0164419 0.0877998 2.03891e-06 1.35511e-12 0 0 
-11.5876 4447.96 1.26116e-10 1.49983e-16 0.0167691 0.0895469 2.12578e-06 1.4443e-12 0 0 
-11.5656 4447.96 1.20682e-10 1.49983e-16 0.017102 0.0913246 2.21626e-06 1.5393e-12 0 0 
-11.5435 4447.96 1.15482e-10 1.49983e-16 0.0174407 0.0931332 2.31047e-06 1.64047e-12 0 0 
-11.5215 4447.96 1.10506e-10 1.49983e-16 0.0177852 0.0949731 2.40858e-06 1.74821e-12 0 0 
-11.4995 4447.96 1.05744e-10 1.49983e-16 0.0181357 0.0968447 2.51073e-06 1.86293e-12 0 0 
-11.4775 4447.96 1.01188e-10 1.49983e-16 0.0184922 0.0987482 2.61709e-06 1.98508e-12 0 0 
-11.4555 4447.96 9.6828e-11 1.49983e-16 0.0188547 0.100684 2.72781e-06 2.11513e-12 0 0 
-11.4334 4447.96 9.26559e-11 1.49983e-16 0.0192234 0.102653 2.84307e-06 2.25359e-12 0 0 
-11.4114 4447.96 8.86635e-11 1.49983e-16 0.0195982 0.104654 2.96305e-06 2.40099e-12 0 0 
-11.3894 4447.96 8.48432e-11 1.49983e-16 0.0199793 0.10669 3.08793e-06 2.5579e-12 0 0 
-11.3674 4447.96 8.11874e-11 1.49983e-16 0.0203667 0.108758 3.21789e-06 2.72491e-12 0 0 
-11.3453 4447.96 7.76892e-11 1.49983e-16 0.0207605 0.110861 3.35315e-06 2.90267e-12 0 0 
-11.3233 4447.96 7.43417e-11 1.49983e-16 0.0211608 0.112999 3.4939e-06 3.09185e-12 0 0 
-11.3013 4447.96 7.11385e-11 1.49983e-16 0.0215675 0.115171 3.64035e-06 3.29318e-12 0 0 
-11.2793 4447.96 6.80732e-11 1.49983e-16 0.0219808 0.117378 3.79272e-06 3.50741e-12 0 0 
-11.2573 4447.96 6.51401e-11 1.49983e-16 0.0224008 0.11962 3.95124e-06 3.73537e-12 0 0 
-11.2352 4447.96 6.23333e-11 1.49983e-16 0.0228274 0.121898 4.11614e-06 3.9779e-12 0 0 
-11.2132 4447.96 5.96475e-11 1.49982e-16 0.0232607 0.124212 4.28766e-06 4.23593e-12 0 0 
-11.1912 4447.96 5.70774e-11 1.49982e-16 0.0237008 0.126562 4.46607e-06 4.51043e-12 0 0 
-11.1692 4447.96 5.4618e-11 1.49982e-16 0.0241477 0.128949 4.6516e-06 4.80241e-12 0 0 
-11.1471 4447.96 5.22646e-11 1.49982e-16 0.0246015 0.131372 4.84454e-06 5.11297e-12 0 0 
-11.1251 4447.96 5.00126e-11 1.49982e-16 0.0250623 0.133833 5.04516e-06 5.44327e-12 0 0 
-11.1031 4447.96 4.78577e-11 1.49982e-16 0.02553 0.13633 5.25375e-06 5.79453e-12 0 0 
-11.0811 4447.96 4.57956e-11 1.49982e-16 0.0260047 0.138865 5.4706e-06 6.16805e-12 0 0 
-11.0591 4447.96 4.38223e-11 1.49982e-16 0.0264865 0.141438 5.69602e-06 6.56521e-12 0 0 
-11.037 4447.96 4.19341e-11 1.49982e-16 0.0269754 0.144049 5.93033e-06 6.98747e-12 0 0 
-11.015 4447.96 4.01273e-11 1.49982e-16 0.0274715 0.146698 6.17386e-06 7.43637e-12 0 0 
-10.993 4447.96 3.83982e-11 1.49982e-16 0.0279747 0.149385 6.42693e-06 7.91357e-12 0 0 
-10.971 4447.96 3.67437e-11 1.49982e-16 0.0284851 0.15211 6.68991e-06 8.42079e-12 0 0 
-10.9489 4447.96 3.51605e-11 1.49982e-16 0.0290027 0.154874 6.96314e-06 8.95988e-12 0 0 
-10.9269 4447.96 3.36455e-11 1.49982e-16 0.0295276 0.157677 7.24701e-06 9.53278e-12 0 0 
-10.9049 4447.96 3.21958e-11 1.49982e-16 0.0300598 0.160519 7.54189e-06 1.01416e-11 0 0 
-10.8829 4447.96 3.08085e-11 1.49982e-16 0.0305992 0.1634 7.84819e-06 1.07884e-11 0 0 
-10.8609 4447.96 2.9481e-11 1.49982e-16 0.031146 0.16632 8.1663e-06 1.14757e-11 0 0 
-10.8388 4447.96 2.82108e-11 1.49982e-16 0.0317001 0.169279 8.49666e-06 1.22058e-11 0 0 
-10.8168 4447.96 2.69952e-11 1.49982e-16 0.0322616 0.172277 8.83969e-06 1.29813e-11 0 0 
-10.7948 4447.96 2.5832e-11 1.49982e-16 0.0328304 0.175315 9.19585e-06 1.3805e-11 0 0 
-10.7728 4447.96 2.4719e-11 1.49982e-16 0.0334066 0.178391 9.56559e-06 1.46798e-11 0 0 
-10.7508 4447.96 2.36539e-11 1.49982e-16 0.0339902 0.181508 9.94939e-06 1.56088e-11 0 0 
-10.7287 4447.96 2.26347e-11 1.49982e-16 0.0345811 0.184663 1.03477e-05 1.65952e-11 0 0 
-10.7067 4447.96 2.16594e-11 1.49982e-16 0.0351793 0.187858 1.07612e-05 1.76425e-11 0 0 
-10.6847 4447.96 2.07261e-11 1.49982e-16 0.0357849 0.191092 1.11901e-05 1.87543e-11 0 0 
-10.6627 4447.96 1.98331e-11 1.49982e-16 0.0363979 0.194365 1.16352e-05 1.99345e-11 0 0 
-10.6406 4447.96 1.89785e-11 1.49982e-16 0.0370181 0.197677 1.2097e-05 2.11871e-11 0 0 
-10.6186 4447.96 1.81608e-11 1.49982e-16 0.0376456 0.201028 1.2576e-05 2.25164e-11 0 0 
-10.5966 4447.96 1.73782e-11 1.49982e-16 0.0382804 0.204417 1.30728e-05 2.39271e-11 0 0 
-10.5746 4447.96 1.66294e-11 1.49982e-16 0.0389224 0.207846 1.3588e-05 2.54238e-11 0 0 
-10.5526 4447.96 1.59129e-11 1.49982e-16 0.0395717 0.211313 1.41223e-05 2.70118e-11 0 0 
-10.5305 4447.96 1.52273e-11 1.49982e-16 0.0402281 0.214818 1.46762e-05 2.86963e-11 0 0 
-10.5085 4447.96 1.45711e-11 1.49982e-16 0.0408916 0.218361 1.52504e-05 3.04831e-11 0 0 
-10.4865 4447.96 1.39433e-11 1.49981e-16 0.0415621 0.221942 1.58456e-05 3.23781e-11 0 0 
-10.4645 4447.96 1.33425e-11 1.49981e-16 0.0422398 0.22556 1.64626e-05 3.43877e-11 0 0 
-10.4424 4447.96 1.27676e-11 1.49981e-16 0.0429243 0.229216 1.71019e-05 3.65185e-11 0 0 
-10.4204 4447.96 1.22175e-11 1.49981e-16 0.0436158 0.232908 1.77643e-05 3.87777e-11 0 0 
-10.3984 4447.96 1.1691e-11 1.49981e-16 0.0443141 0.236637 1.84506e-05 4.11726e-11 0 0 
-10.3764 4447.96 1.11873e-11 1.49981e-16 0.0450192 0.240402 1.91615e-05 4.37111e-11 0 0 
-10.3544 4447.96 1.07053e-11 1.49981e-16 0.045731 0.244203 1.98979e-05 4.64015e-11 0 0 
-10.3323 4447.96 1.0244e-11 1.49981e-16 0.0464494 0.24804 2.06605e-05 4.92527e-11 0 0 
-10.3103 4447.96 9.80259e-12 1.49981e-16 0.0471743 0.251911 2.14501e-05 5.22737e-11 0 0 
-10.2883 4447.96 9.38021e-12 1.49981e-16 0.0479057 0.255816 2.22677e-05 5.54745e-11 0 0 
-10.2663 4447.96 8.97603e-12 1.49981e-16 0.0486434 0.259756 2.3114e-05 5.88651e-11 0 0 
-10.2442 4447.96 8.58927e-12 1.49981e-16 0.0493873 0.263728 2.39901e-05 6.24566e-11 0 0 
-10.2222 4447.96 8.21918e-12 1.49981e-16 0.0501375 0.267734 2.48967e-05 6.62602e-11 0 0 
-10.2002 4447.96 7.86503e-12 1.49981e-16 0.0508936 0.271772 2.5835e-05 7.02881e-11 0 0 
-10.1782 4447.96 7.52614e-12 1.49981e-16 0.0516557 0.275841 2.68057e-05 7.4553e-11 0 0 
-10.1562 4447.96 7.20185e-12 1.49981e-16 0.0524236 0.279942 2.78099e-05 7.90682e-11 0 0 
-10.1341 4447.96 6.89154e-12 1.49981e-16 0.0531972 0.284073 2.88486e-05 8.38478e-11 0 0 
-10.1121 4447.96 6.59459e-12 1.49981e-16 0.0539764 0.288234 2.99229e-05 8.89067e-11 0 0 
-10.0901 4447.96 6.31044e-12 1.49981e-16 0.0547609 0.292423 3.10338e-05 9.42606e-11 0 0 
-10.0681 4447.96 6.03854e-12 1.4998e-16 0.0555508 0.296641 3.21825e-05 9.99258e-11 0 0 
-10.046 4447.96 5.77835e-12 1.4998e-16 0.0563459 0.300887 3.33699e-05 1.0592e-10 0 0 
-10.024 4447.96 5.52937e-12 1.4998e-16 0.0571459 0.305159 3.45973e-05 1.12261e-10 0 0 
-10.002 4447.96 5.29112e-12 1.4998e-16 0.0579509 0.309458 3.58658e-05 1.18968e-10 0 0 
-9.97998 4447.96 5.06313e-12 1.4998e-16 0.0587605 0.313781 3.71767e-05 1.26062e-10 0 0 
-9.95796 4447.96 4.84497e-12 1.4998e-16 0.0595747 0.318129 3.8531e-05 1.33564e-10 0 0 
-9.93594 4447.96 4.63621e-12 1.4998e-16 0.0603933 0.3225 3.99302e-05 1.41496e-10 0 0 
-9.91391 4447.96 4.43645e-12 1.4998e-16 0.0612161 0.326894 4.13755e-05 1.49882e-10 0 0 
-9.89189 4447.96 4.24529e-12 1.4998e-16 0.062043 0.33131 4.28681e-05 1.58747e-10 0 0 
-9.86987 4447.96 4.06237e-12 1.4998e-16 0.0628738 0.335746 4.44094e-05 1.68116e-10 0 0 
-9.84785 4447.96 3.88733e-12 1.4998e-16 0.0637083 0.340202 4.60008e-05 1.78018e-10 0 0 
-9.82583 4447.96 3.71983e-12 1.4998e-16 0.0645464 0.344678 4.76436e-05 1.88481e-10 0 0 
-9.8038 4447.96 3.55955e-12 1.4998e-16 0.0653878 0.349171 4.93394e-05 1.99536e-10 0 0 
-9.78178 4447.96 3.40617e-12 1.4998e-16 0.0662323 0.353681 5.10894e-05 2.11214e-10 0 0 
-9.75976 4447.96 3.25941e-12 1.49979e-16 0.0670799 0.358207 5.28954e-05 2.23549e-10 0 0 
-9.73774 4447.96 3.11896e-12 1.49979e-16 0.0679302 0.362748 5.47586e-05 2.36577e-10 0 0 
-9.71572 4447.96 2.98457e-12 1.49979e-16 0.0687832 0.367302 5.66808e-05 2.50333e-10 0 0 
-9.69369 4447.96 2.85597e-12 1.49979e-16 0.0696386 0.37187 5.86634e-05 2.64859e-10 0 0 
-9.67167 4447.96 2.73292e-12 1.49979e-16 0.0704961 0.376449 6.07081e-05 2.80193e-10 0 0 
-9.64965 4447.96 2.61516e-12 1.49979e-16 0.0713557 0.381039 6.28165e-05 2.9638e-10 0 0 
-9.62763 4447.96 2.50248e-12 1.49979e-16 0.0722171 0.385639 6.49904e-05 3.13465e-10 0 0 
-9.60561 4447.96 2.39465e-12 1.49979e-16 0.07308 0.390247 6.72314e-05 3.31494e-10 0 0 
-9.58358 4447.96 2.29147e-12 1.49979e-16 0.0739444 0.394863 6.95413e-05 3.50518e-10 0 0 
-9.56156 4447.96 2.19273e-12 1.49979e-16 0.07481 0.399485 7.19219e-05 3.70589e-10 0 0 
-9.53954 4447.96 2.09825e-12 1.49978e-16 0.0756765 0.404112 7.43749e-05 3.91762e-10 0 0 
-9.51752 4447.96 2.00784e-12 1.49978e-16 0.0765438 0.408744 7.69024e-05 4.14094e-10 0 0 
-9.4955 4447.96 1.92133e-12 1.49978e-16 0.0774117 0.413378 7.9506e-05 4.37647e-10 0 0 
-9.47347 4447.96 1.83854e-12 1.49978e-16 0.0782799 0.418015 8.21879e-05 4.62483e-10 0 0 
-9.45145 4447.96 1.75932e-12 1.49978e-16 0.0791483 0.422652 8.495e-05 4.88669e-10 0 0 
-9.42943 4447.96 1.68352e-12 1.49978e-16 0.0800166 0.427288 8.77942e-05 5.16275e-10 0 0 
-9.40741 4447.96 1.61098e-12 1.49978e-16 0.0808846 0.431924 9.07226e-05 5.45375e-10 0 0 
-9.38539 4447.96 1.54156e-12 1.49978e-16 0.0817521 0.436556 9.37374e-05 5.76045e-10 0 0 
-9.36336 4447.96 1.47514e-12 1.49977e-16 0.0826189 0.441185 9.68406e-05 6.08367e-10 0 0 
-9.34134 4447.96 1.41158e-12 1.49977e-16 0.0834848 0.445809 0.000100034 6.42424e-10 0 0 
-9.31932 4447.96 1.35076e-12 1.49977e-16 0.0843496 0.450427 0.000103321 6.78306e-10 0 0 
-9.2973 4447.96 1.29255e-12 1.49977e-16 0.0852131 0.455038 0.000106703 7.16105e-10 0 0 
-9.27528 4447.96 1.23686e-12 1.49977e-16 0.0860751 0.459641 0.000110182 7.5592e-10 0 0 
-9.25325 4447.96 1.18357e-12 1.49977e-16 0.0869353 0.464234 0.000113761 7.97852e-10 0 0 
-9.23123 4447.96 1.13257e-12 1.49977e-16 0.0877936 0.468818 0.000117442 8.4201e-10 0 0 
-9.20921 4447.96 1.08377e-12 1.49976e-16 0.0886497 0.473389 0.000121228 8.88505e-10 0 0 
-9.18719 4447.96 1.03707e-12 1.49976e-16 0.0895035 0.477949 0.000125121 9.37456e-10 0 0 
-9.16517 4447.96 9.92385e-13 1.49976e-16 0.0903548 0.482495 0.000129124 9.88985e-10 0 0 
-9.14314 4447.96 9.49625e-13 1.49976e-16 0.0912033 0.487026 0.000133238 1.04322e-09 0 0 
-9.12112 4447.96 9.08707e-13 1.49976e-16 0.092049 0.491541 0.000137468 1.10031e-09 0 0 
-9.0991 4447.96 8.69553e-13 1.49976e-16 0.0928915 0.496041 0.000141815 1.16038e-09 0 0 
-9.07708 4447.97 8.32085e-13 1.49975e-16 0.0937307 0.500522 0.000146283 1.22358e-09 0 0 
-9.05506 4447.97 7.96232e-13 1.49975e-16 0.0945665 0.504985 0.000150873 1.29008e-09 0 0 
-9.03303 4447.97 7.61924e-13 1.49975e-16 0.0953986 0.509428 0.00015559 1.36003e-09 0 0 
-9.01101 4447.97 7.29094e-13 1.49975e-16 0.0962268 0.513851 0.000160435 1.43361e-09 0 0 
-8.98899 4447.97 6.97679e-13 1.49975e-16 0.0970511 0.518253 0.000165412 1.511e-09 0 0 
-8.96697 4447.97 6.67617e-13 1.49975e-16 0.0978712 0.522632 0.000170524 1.59238e-09 0 0 
-8.94494 4447.97 6.38851e-13 1.49974e-16 0.0986869 0.526988 0.000175774 1.67795e-09 0 0 
-8.92292 4447.97 6.11324e-13 1.49974e-16 0.0994981 0.53132 0.000181165 1.76792e-09 0 0 
-8.9009 4447.97 5.84983e-13 1.49974e-16 0.100305 0.535627 0.0001867 1.8625e-09 0 0 
-8.87888 4447.97 5.59777e-13 1.49974e-16 0.101106 0.539909 0.000192383 1.96193e-09 0 0 
-8.85686 4447.97 5.35657e-13 1.49974e-16 0.101903 0.544163 0.000198216 2.06643e-09 0 0 
-8.83483 4447.97 5.12577e-13 1.49973e-16 0.102695 0.548391 0.000204204 2.17625e-09 0 0 
-8.81281 4447.97 4.90491e-13 1.49973e-16 0.103481 0.552591 0.000210349 2.29166e-09 0 0 
-8.79079 4447.97 4.69356e-13 1.49973e-16 0.104262 0.556761 0.000216656 2.41293e-09 0 0 
-8.76877 4447.97 4.49133e-13 1.49973e-16 0.105038 0.560903 0.000223128 2.54033e-09 0 0 
-8.74675 4447.97 4.2978e-13 1.49972e-16 0.105808 0.565014 0.000229768 2.67418e-09 0 0 
-8.72472 4447.97 4.11262e-13 1.49972e-16 0.106572 0.569094 0.00023658 2.81477e-09 0 0 
-8.7027 4447.97 3.93541e-13 1.49972e-16 0.10733 0.573143 0.000243569 2.96245e-09 0 0 
-8.68068 4447.97 3.76584e-13 1.49972e-16 0.108082 0.57716 0.000250737 3.11754e-09 0 0 
-8.65866 4447.97 3.60358e-13 1.49971e-16 0.108829 0.581144 0.000258089 3.2804e-09 0 0 
-8.63664 4447.97 3.44831e-13 1.49971e-16 0.109568 0.585095 0.00026563 3.45142e-09 0 0 
-8.61461 4447.97 3.29973e-13 1.49971e-16 0.110302 0.589013 0.000273362 3.63098e-09 0 0 
-8.59259 4447.97 3.15755e-13 1.49971e-16 0.111029 0.592896 0.000281291 3.8195e-09 0 0 
-8.57057 4447.98 3.0215e-13 1.4997e-16 0.11175 0.596744 0.000289421 4.01739e-09 0 0 
-8.54855 4447.98 2.8913e-13 1.4997e-16 0.112464 0.600557 0.000297756 4.22511e-09 0 0 
-8.52653 4447.98 2.76672e-13 1.4997e-16 0.113171 0.604335 0.000306301 4.44314e-09 0 0 
-8.5045 4447.98 2.64751e-13 1.49969e-16 0.113872 0.608076 0.000315059 4.67195e-09 0 0 
-8.48248 4447.98 2.53343e-13 1.49969e-16 0.114566 0.611782 0.000324037 4.91207e-09 0 0 
-8.46046 4447.98 2.42427e-13 1.49969e-16 0.115253 0.61545 0.000333238 5.16403e-09 0 0 
-8.43844 4447.98 2.31982e-13 1.49968e-16 0.115933 0.619081 0.000342668 5.4284e-09 0 0 
-8.41642 4447.98 2.21986e-13 1.49968e-16 0.116606 0.622675 0.000352332 5.70576e-09 0 0 
-8.39439 4447.98 2.12421e-13 1.49968e-16 0.117272 0.626231 0.000362234 5.99674e-09 0 0 
-8.37237 4447.98 2.03268e-13 1.49967e-16 0.117931 0.62975 0.00037238 6.30197e-09 0 0 
-8.35035 4447.98 1.9451e-13 1.49967e-16 0.118582 0.63323 0.000382775 6.62213e-09 0 0 
-8.32833 4447.99 1.86129e-13 1.49967e-16 0.119227 0.636672 0.000393425 6.95793e-09 0 0 
-8.30631 4447.99 1.78109e-13 1.49966e-16 0.119864 0.640075 0.000404335 7.3101e-09 0 0 
-8.28428 4447.99 1.70434e-13 1.49966e-16 0.120494 0.643439 0.000415511 7.67942e-09 0 0 
-8.26226 4447.99 1.63091e-13 1.49965e-16 0.121117 0.646765 0.000426958 8.06669e-09 0 0 
-8.24024 4447.99 1.56063e-13 1.49965e-16 0.121732 0.650051 0.000438683 8.47276e-09 0 0 
-8.21822 4447.99 1.49339e-13 1.49965e-16 0.122341 0.653299 0.000450691 8.8985e-09 0 0 
-8.1962 4447.99 1.42904e-13 1.49964e-16 0.122941 0.656507 0.000462989 9.34486e-09 0 0 
-8.17417 4447.99 1.36747e-13 1.49964e-16 0.123535 0.659676 0.000475582 9.81278e-09 0 0 
-8.15215 4448 1.30854e-13 1.49963e-16 0.124121 0.662806 0.000488478 1.03033e-08 0 0 
-8.13013 4448 1.25216e-13 1.49963e-16 0.1247 0.665896 0.000501683 1.08174e-08 0 0 
-8.10811 4448 1.19821e-13 1.49962e-16 0.125271 0.668947 0.000515204 1.13563e-08 0 0 
-8.08609 4448 1.14658e-13 1.49962e-16 0.125835 0.671959 0.000529047 1.19211e-08 0 0 
-8.06406 4448 1.09718e-13 1.49961e-16 0.126392 0.674932 0.000543219 1.2513e-08 0 0 
-8.04204 4448.01 1.0499e-13 1.49961e-16 0.126941 0.677865 0.000557728 1.31333e-08 0 0 
-8.02002 4448.01 1.00466e-13 1.49961e-16 0.127483 0.68076 0.000572581 1.37832e-08 0 0 
-7.998 4448.01 9.61373e-14 1.4996e-16 0.128018 0.683615 0.000587785 1.44643e-08 0 0 
-7.97598 4448.01 9.19949e-14 1.49959e-16 0.128545 0.686431 0.000603349 1.51779e-08 0 0 
-7.95395 4448.01 8.8031e-14 1.49959e-16 0.129065 0.689209 0.000619279 1.59255e-08 0 0 
-7.93193 4448.02 8.42379e-14 1.49958e-16 0.129578 0.691948 0.000635584 1.67087e-08 0 0 
-7.90991 4448.02 8.06083e-14 1.49958e-16 0.130084 0.694648 0.000652271 1.75292e-08 0 0 
-7.88789 4448.02 7.7135e-14 1.49957e-16 0.130582 0.69731 0.00066935 1.83888e-08 0 0 
-7.86587 4448.03 7.38114e-14 1.49957e-16 0.131074 0.699934 0.000686829 1.92891e-08 0 0 
-7.84384 4448.03 7.0631e-14 1.49956e-16 0.131558 0.70252 0.000704716 2.02321e-08 0 0 
-7.82182 4448.03 6.75876e-14 1.49955e-16 0.132035 0.705068 0.00072302 2.12198e-08 0 0 
-7.7998 4448.03 6.46754e-14 1.49955e-16 0.132505 0.707578 0.000741751 2.22543e-08 0 0 
-7.77778 4448.04 6.18887e-14 1.49954e-16 0.132968 0.710052 0.000760918 2.33376e-08 0 0 
-7.75576 4448.04 5.9222e-14 1.49954e-16 0.133425 0.712488 0.000780529 2.44722e-08 0 0 
-7.73373 4448.05 5.66702e-14 1.49953e-16 0.133874 0.714887 0.000800596 2.56602e-08 0 0 
-7.71171 4448.05 5.42284e-14 1.49952e-16 0.134316 0.71725 0.000821127 2.69043e-08 0 0 
-7.68969 4448.05 5.18918e-14 1.49951e-16 0.134752 0.719576 0.000842133 2.82069e-08 0 0 
-7.66767 4448.06 4.96559e-14 1.49951e-16 0.135181 0.721867 0.000863625 2.95709e-08 0 0 
-7.64565 4448.06 4.75163e-14 1.4995e-16 0.135603 0.724121 0.000885612 3.09989e-08 0 0 
-7.62362 4448.07 4.54689e-14 1.49949e-16 0.136019 0.726341 0.000908106 3.2494e-08 0 0 
-7.6016 4448.07 4.35097e-14 1.49949e-16 0.136428 0.728525 0.000931117 3.40593e-08 0 0 
-7.57958 4448.08 4.1635e-14 1.49948e-16 0.13683 0.730674 0.000954658 3.5698e-08 0 0 
-7.55756 4448.08 3.9841e-14 1.49947e-16 0.137226 0.732789 0.000978739 3.74133e-08 0 0 
-7.53554 4448.09 3.81243e-14 1.49946e-16 0.137616 0.734869 0.00100337 3.9209e-08 0 0 
-7.51351 4448.09 3.64816e-14 1.49945e-16 0.137999 0.736916 0.00102857 4.10887e-08 0 0 
-7.49149 4448.1 3.49097e-14 1.49944e-16 0.138376 0.738929 0.00105435 4.30561e-08 0 0 
-7.46947 4448.1 3.34055e-14 1.49944e-16 0.138747 0.740909 0.00108071 4.51154e-08 0 0 
-7.44745 4448.11 3.19661e-14 1.49943e-16 0.139112 0.742857 0.00110768 4.72708e-08 0 0 
-7.42543 4448.12 3.05888e-14 1.49942e-16 0.13947 0.744771 0.00113526 4.95267e-08 0 0 
-7.4034 4448.13 2.92708e-14 1.49941e-16 0.139823 0.746654 0.00116347 5.18876e-08 0 0 
-7.38138 4448.13 2.80095e-14 1.4994e-16 0.140169 0.748505 0.00119233 5.43584e-08 0 0 
-7.35936 4448.14 2.68027e-14 1.49939e-16 0.14051 0.750324 0.00122184 5.69442e-08 0 0 
-7.33734 4448.15 2.56478e-14 1.49938e-16 0.140845 0.752113 0.00125202 5.96501e-08 0 0 
-7.31532 4448.16 2.45427e-14 1.49937e-16 0.141174 0.75387 0.00128289 6.24817e-08 0 0 
-7.29329 4448.17 2.34852e-14 1.49936e-16 0.141498 0.755598 0.00131446 6.54448e-08 0 0 
-7.27127 4448.18 2.24732e-14 1.49935e-16 0.141816 0.757295 0.00134675 6.85453e-08 0 0 
-7.24925 4448.19 2.15049e-14 1.49934e-16 0.142128 0.758963 0.00137977 7.17896e-08 0 0 
-7.22723 4448.2 2.05783e-14 1.49932e-16 0.142435 0.760601 0.00141353 7.51841e-08 0 0 
-7.20521 4448.21 1.96916e-14 1.49931e-16 0.142736 0.762211 0.00144807 7.87358e-08 0 0 
-7.18318 4448.22 1.88432e-14 1.4993e-16 0.143032 0.763793 0.00148338 8.24519e-08 0 0 
-7.16116 4448.23 1.80312e-14 1.49929e-16 0.143323 0.765346 0.00151949 8.63398e-08 0 0 
-7.13914 4448.24 1.72543e-14 1.49928e-16 0.143609 0.766871 0.00155642 9.04074e-08 0 0 
-7.11712 4448.25 1.65109e-14 1.49926e-16 0.143889 0.76837 0.00159419 9.46628e-08 0 0 
-7.0951 4448.27 1.57994e-14 1.49925e-16 0.144165 0.769841 0.0016328 9.91148e-08 0 0 
-7.07307 4448.28 1.51187e-14 1.49924e-16 0.144435 0.771285 0.00167229 1.03772e-07 0 0 
-7.05105 4448.3 1.44672e-14 1.49922e-16 0.144701 0.772704 0.00171267 1.08644e-07 0 0 
-7.02903 4448.31 1.38439e-14 1.49921e-16 0.144962 0.774097 0.00175396 1.13741e-07 0 0 
-7.00701 4448.33 1.32474e-14 1.4992e-16 0.145218 0.775464 0.00179618 1.19072e-07 0 0 
-6.98498 4448.34 1.26766e-14 1.49918e-16 0.145469 0.776806 0.00183936 1.24649e-07 0 0 
-6.96296 4448.36 1.21304e-14 1.49917e-16 0.145716 0.778123 0.0018835 1.30483e-07 0 0 
-6.94094 4448.38 1.16077e-14 1.49915e-16 0.145958 0.779416 0.00192864 1.36585e-07 0 0 
-6.91892 4448.4 1.11075e-14 1.49914e-16 0.146196 0.780685 0.00197479 1.42968e-07 0 0 
-6.8969 4448.42 1.06289e-14 1.49912e-16 0.146429 0.78193 0.00202198 1.49644e-07 0 0 
-6.87487 4448.44 1.0171e-14 1.4991e-16 0.146658 0.783152 0.00207024 1.56626e-07 0 0 
-6.85285 4448.46 9.73273e-15 1.49909e-16 0.146882 0.784352 0.00211957 1.6393e-07 0 0 
-6.83083 4448.48 9.31337e-15 1.49907e-16 0.147103 0.785528 0.00217002 1.71568e-07 0 0 
-6.80881 4448.5 8.91208e-15 1.49905e-16 0.147319 0.786682 0.0022216 1.79557e-07 0 0 
-6.78679 4448.53 8.52808e-15 1.49903e-16 0.147531 0.787815 0.00227433 1.87912e-07 0 0 
-6.76476 4448.55 8.16062e-15 1.49902e-16 0.147739 0.788926 0.00232825 1.9665e-07 0 0 
-6.74274 4448.58 7.809e-15 1.499e-16 0.147943 0.790016 0.00238338 2.05789e-07 0 0 
-6.72072 4448.61 7.47253e-15 1.49898e-16 0.148143 0.791085 0.00243975 2.15347e-07 0 0 
-6.6987 4448.64 7.15056e-15 1.49896e-16 0.14834 0.792133 0.00249738 2.25342e-07 0 0 
-6.67668 4448.67 6.84246e-15 1.49894e-16 0.148532 0.793162 0.0025563 2.35794e-07 0 0 
-6.65465 4448.7 6.54764e-15 1.49892e-16 0.148721 0.79417 0.00261654 2.46725e-07 0 0 
-6.63263 4448.73 6.26552e-15 1.4989e-16 0.148906 0.795159 0.00267813 2.58156e-07 0 0 
-6.61061 4448.77 5.99555e-15 1.49887e-16 0.149088 0.796129 0.00274111 2.70109e-07 0 0 
-6.58859 4448.81 5.73722e-15 1.49885e-16 0.149266 0.797081 0.00280549 2.82609e-07 0 0 
-6.56657 4448.84 5.49002e-15 1.49883e-16 0.149441 0.798013 0.00287131 2.9568e-07 0 0 
-6.54454 4448.88 5.25347e-15 1.4988e-16 0.149612 0.798927 0.00293861 3.09348e-07 0 0 
-6.52252 4448.93 5.02712e-15 1.49878e-16 0.14978 0.799824 0.00300741 3.2364e-07 0 0 
-6.5005 4448.97 4.81051e-15 1.49876e-16 0.149944 0.800703 0.00307775 3.38585e-07 0 0 
-6.47848 4449.01 4.60324e-15 1.49873e-16 0.150106 0.801565 0.00314967 3.54211e-07 0 0 
-6.45646 4449.06 4.40491e-15 1.4987e-16 0.150264 0.802409 0.00322319 3.70551e-07 0 0 
-6.43443 4449.11 4.21511e-15 1.49868e-16 0.150419 0.803237 0.00329836 3.87636e-07 0 0 
-6.41241 4449.16 4.0335e-15 1.49865e-16 0.150571 0.804049 0.00337521 4.055e-07 0 0 
-6.39039 4449.22 3.85971e-15 1.49862e-16 0.15072 0.804844 0.00345378 4.24178e-07 0 0 
-6.36837 4449.27 3.69341e-15 1.49859e-16 0.150866 0.805624 0.0035341 4.43707e-07 0 0 
-6.34635 4449.33 3.53428e-15 1.49856e-16 0.151009 0.806388 0.00361622 4.64127e-07 0 0 
-6.32432 4449.4 3.382e-15 1.49853e-16 0.151149 0.807137 0.00370017 4.85476e-07 0 0 
-6.3023 4449.46 3.23628e-15 1.4985e-16 0.151287 0.807871 0.003786 5.07798e-07 0 0 
-6.28028 4449.53 3.09684e-15 1.49847e-16 0.151421 0.808591 0.00387375 5.31136e-07 0 0 
-6.25826 4449.6 2.96342e-15 1.49843e-16 0.151553 0.809296 0.00396345 5.55536e-07 0 0 
-6.23624 4449.67 2.83574e-15 1.4984e-16 0.151683 0.809986 0.00405516 5.81046e-07 0 0 
-6.21421 4449.75 2.71356e-15 1.49836e-16 0.15181 0.810663 0.00414892 6.07717e-07 0 0 
-6.19219 4449.83 2.59665e-15 1.49833e-16 0.151934 0.811326 0.00424477 6.35601e-07 0 0 
-6.17017 4449.91 2.48477e-15 1.49829e-16 0.152055 0.811976 0.00434276 6.64753e-07 0 0 
-6.14815 4450 2.37772e-15 1.49825e-16 0.152175 0.812613 0.00444294 6.9523e-07 0 0 
-6.12613 4450.09 2.27527e-15 1.49821e-16 0.152291 0.813236 0.00454535 7.27093e-07 0 0 
-6.1041 4450.19 2.17725e-15 1.49817e-16 0.152406 0.813848 0.00465005 7.60404e-07 0 0 
-6.08208 4450.29 2.08344e-15 1.49813e-16 0.152518 0.814446 0.00475709 7.95228e-07 0 0 
-6.06006 4450.4 1.99368e-15 1.49809e-16 0.152628 0.815033 0.00486651 8.31634e-07 0 0 
-6.03804 4450.51 1.90779e-15 1.49804e-16 0.152735 0.815607 0.00497838 8.69694e-07 0 0 
-6.01602 4450.62 1.8256e-15 1.498e-16 0.152841 0.81617 0.00509274 9.09482e-07 0 0 
-5.99399 4450.74 1.74695e-15 1.49795e-16 0.152944 0.816721 0.00520966 9.51077e-07 0 0 
-5.97197 4450.87 1.67168e-15 1.4979e-16 0.153045 0.817261 0.00532918 9.94559e-07 0 0 
-5.94995 4451 1.59967e-15 1.49785e-16 0.153144 0.81779 0.00545136 1.04002e-06 0 0 
-5.92793 4451.13 1.53075e-15 1.4978e-16 0.153241 0.818308 0.00557628 1.08753e-06 0 0 
-5.90591 4451.28 1.46481e-15 1.49774e-16 0.153336 0.818816 0.00570397 1.13721e-06 0 0 
-5.88388 4451.43 1.4017e-15 1.49769e-16 0.153429 0.819313 0.00583452 1.18914e-06 0 0 
-5.86186 4451.58 1.34132e-15 1.49763e-16 0.15352 0.819799 0.00596797 1.24342e-06 0 0 
-5.83984 4451.74 1.28354e-15 1.49757e-16 0.15361 0.820276 0.00610441 1.30016e-06 0 0 
-5.81782 4451.91 1.22824e-15 1.49751e-16 0.153697 0.820743 0.00624388 1.35948e-06 0 0 
-5.7958 4452.09 1.17534e-15 1.49745e-16 0.153783 0.8212 0.00638646 1.42149e-06 0 0 
-5.77377 4452.28 1.12471e-15 1.49738e-16 0.153867 0.821648 0.00653223 1.48631e-06 0 0 
-5.75175 4452.47 1.07626e-15 1.49731e-16 0.153949 0.822086 0.00668124 1.55406e-06 0 0 
-5.72973 4452.68 1.0299e-15 1.49724e-16 0.154029 0.822515 0.00683357 1.62489e-06 0 0 
-5.70771 4452.89 9.85538e-16 1.49717e-16 0.154108 0.822936 0.0069893 1.69892e-06 0 0 
-5.68569 4453.11 9.43088e-16 1.49709e-16 0.154185 0.823348 0.0071485 1.77631e-06 0 0 
-5.66366 4453.34 9.02468e-16 1.49701e-16 0.15426 0.823751 0.00731125 1.8572e-06 0 0 
-5.64164 4453.59 8.63598e-16 1.49693e-16 0.154334 0.824145 0.00747763 1.94176e-06 0 0 
-5.61962 4453.84 8.26404e-16 1.49685e-16 0.154407 0.824532 0.00764771 2.03014e-06 0 0 
-5.5976 4454.1 7.90812e-16 1.49676e-16 0.154478 0.82491 0.00782158 2.12253e-06 0 0 
-5.57558 4454.38 7.56754e-16 1.49667e-16 0.154547 0.825281 0.00799933 2.2191e-06 0 0 
-5.55355 4454.67 7.24165e-16 1.49658e-16 0.154615 0.825644 0.00818104 2.32004e-06 0 0 
-5.53153 4454.97 6.9298e-16 1.49648e-16 0.154681 0.825999 0.0083668 2.42555e-06 0 0 
-5.50951 4455.29 6.63139e-16 1.49637e-16 0.154747 0.826346 0.0085567 2.53584e-06 0 0 
-5.48749 4455.62 6.34584e-16 1.49627e-16 0.15481 0.826687 0.00875083 2.65112e-06 0 0 
-5.46547 4455.96 6.0726e-16 1.49616e-16 0.154873 0.82702 0.00894928 2.77161e-06 0 0 
-5.44344 4456.32 5.81113e-16 1.49604e-16 0.154934 0.827346 0.00915216 2.89755e-06 0 0 
-5.42142 4456.7 5.56094e-16 1.49592e-16 0.154994 0.827666 0.00935956 3.02919e-06 0 0 
-5.3994 4457.09 5.32154e-16 1.49579e-16 0.155052 0.827979 0.00957158 3.16679e-06 0 0 
-5.37738 4457.5 5.09245e-16 1.49566e-16 0.15511 0.828285 0.00978832 3.31061e-06 0 0 
-5.35536 4457.93 4.87324e-16 1.49553e-16 0.155166 0.828584 0.0100099 3.46093e-06 0 0 
-5.33333 4458.38 4.66348e-16 1.49538e-16 0.155221 0.828878 0.0102364 3.61805e-06 0 0 
-5.31131 4458.85 4.46276e-16 1.49523e-16 0.155274 0.829165 0.0104679 3.78228e-06 0 0 
-5.28929 4459.34 4.27069e-16 1.49508e-16 0.155327 0.829446 0.0107047 3.95393e-06 0 0 
-5.26727 4459.85 4.08691e-16 1.49491e-16 0.155379 0.829721 0.0109466 4.13334e-06 0 0 
-5.24525 4460.39 3.91105e-16 1.49474e-16 0.155429 0.829991 0.011194 4.32086e-06 0 0 
-5.22322 4460.95 3.74277e-16 1.49457e-16 0.155478 0.830254 0.0114469 4.51685e-06 0 0 
-5.2012 4461.53 3.58175e-16 1.49438e-16 0.155527 0.830512 0.0117054 4.72171e-06 0 0 
-5.17918 4462.14 3.42768e-16 1.49418e-16 0.155574 0.830765 0.0119697 4.93582e-06 0 0 
-5.15716 4462.78 3.28024e-16 1.49398e-16 0.15562 0.831012 0.0122399 5.1596e-06 0 0 
-5.13514 4463.45 3.13917e-16 1.49376e-16 0.155666 0.831254 0.012516 5.3935e-06 0 0 
-5.11311 4464.14 3.00418e-16 1.49353e-16 0.15571 0.831491 0.0127984 5.63797e-06 0 0 
-5.09109 4464.87 2.87501e-16 1.4933e-16 0.155753 0.831723 0.013087 5.89348e-06 0 0 
-5.06907 4465.63 2.75142e-16 1.49305e-16 0.155796 0.83195 0.013382 6.16053e-06 0 0 
-5.04705 4466.43 2.63316e-16 1.49278e-16 0.155837 0.832172 0.0136837 6.43965e-06 0 0 
-5.02503 4467.26 2.52e-16 1.49251e-16 0.155878 0.832389 0.013992 6.73138e-06 0 0 
-5.003 4468.13 2.41172e-16 1.49222e-16 0.155918 0.832602 0.0143072 7.03628e-06 0 0 
-4.98098 4469.03 2.30811e-16 1.49191e-16 0.155957 0.83281 0.0146294 7.35495e-06 0 0 
-4.95896 4469.98 2.20898e-16 1.49159e-16 0.155995 0.833014 0.0149588 7.68801e-06 0 0 
-4.93694 4470.97 2.11412e-16 1.49126e-16 0.156032 0.833213 0.0152956 8.03611e-06 0 0 
-4.91491 4472 2.02336e-16 1.4909e-16 0.156069 0.833408 0.0156398 8.39993e-06 0 0 
-4.89289 4473.09 1.93652e-16 1.49052e-16 0.156105 0.833599 0.0159917 8.78018e-06 0 0 
-4.87087 4474.22 1.85342e-16 1.49013e-16 0.15614 0.833786 0.0163514 9.17759e-06 0 0 
-4.84885 4475.4 1.77392e-16 1.48971e-16 0.156174 0.833969 0.0167192 9.59295e-06 0 0 
-4.82683 4476.63 1.69785e-16 1.48927e-16 0.156208 0.834148 0.0170951 1.00271e-05 0 0 
-4.8048 4477.92 1.62506e-16 1.48881e-16 0.15624 0.834323 0.0174795 1.04808e-05 0 0 
-4.78278 4479.26 1.55542e-16 1.48832e-16 0.156272 0.834495 0.0178723 1.09549e-05 0 0 
-4.76076 4480.67 1.48879e-16 1.4878e-16 0.156304 0.834663 0.018274 1.14505e-05 0 0 
-4.73874 4482.14 1.42504e-16 1.48725e-16 0.156335 0.834827 0.0186845 1.19685e-05 0 0 
-4.71672 4483.67 1.36404e-16 1.48667e-16 0.156365 0.834987 0.0191042 1.25098e-05 0 0 
-4.69469 4485.28 1.30568e-16 1.48606e-16 0.156394 0.835145 0.0195333 1.30756e-05 0 0 
-4.67267 4486.95 1.24985e-16 1.48542e-16 0.156423 0.835298 0.0199719 1.36669e-05 0 0 
-4.65065 4488.7 1.19643e-16 1.48473e-16 0.156451 0.835449 0.0204203 1.42848e-05 0 0 
-4.62863 4490.53 1.14532e-16 1.48401e-16 0.156479 0.835596 0.0208786 1.49307e-05 0 0 
-4.60661 4492.44 1.09643e-16 1.48324e-16 0.156506 0.83574 0.0213472 1.56057e-05 0 0 
-4.58458 4494.43 1.04965e-16 1.48243e-16 0.156532 0.835881 0.0218262 1.63111e-05 0 0 
-4.56256 4496.52 1.0049e-16 1.48158e-16 0.156558 0.836019 0.0223159 1.70484e-05 0 0 
-4.54054 4498.69 9.62082e-17 1.48067e-16 0.156583 0.836154 0.0228165 1.78189e-05 0 0 
-4.51852 4500.97 9.21124e-17 1.47971e-16 0.156608 0.836286 0.0233282 1.86242e-05 0 0 
-4.4965 4503.34 8.81941e-17 1.47869e-16 0.156632 0.836416 0.0238513 1.94659e-05 0 0 
-4.47447 4505.82 8.44459e-17 1.47761e-16 0.156656 0.836542 0.0243861 2.03455e-05 0 0 
-4.45245 4508.41 8.08603e-17 1.47646e-16 0.156679 0.836666 0.0249328 2.12647e-05 0 0 
-4.43043 4511.11 7.74304e-17 1.47525e-16 0.156702 0.836787 0.0254916 2.22255e-05 0 0 
-4.40841 4513.94 7.41495e-17 1.47397e-16 0.156724 0.836905 0.0260629 2.32295e-05 0 0 
-4.38639 4516.88 7.10112e-17 1.4726e-16 0.156746 0.837021 0.0266469 2.42789e-05 0 0 
-4.36436 4519.96 6.80094e-17 1.47116e-16 0.156767 0.837135 0.0272439 2.53755e-05 0 0 
-4.34234 4523.18 6.51382e-17 1.46963e-16 0.156788 0.837245 0.0278542 2.65217e-05 0 0 
-4.32032 4526.54 6.2392e-17 1.468e-16 0.156808 0.837354 0.0284781 2.77195e-05 0 0 
-4.2983 4530.04 5.97655e-17 1.46628e-16 0.156828 0.83746 0.0291159 2.89713e-05 0 0 
-4.27628 4533.7 5.72535e-17 1.46446e-16 0.156847 0.837564 0.0297679 3.02796e-05 0 0 
-4.25425 4537.52 5.48512e-17 1.46252e-16 0.156866 0.837665 0.0304344 3.16469e-05 0 0 
-4.23223 4541.5 5.25537e-17 1.46047e-16 0.156885 0.837765 0.0311158 3.30758e-05 0 0 
-4.21021 4545.66 5.03567e-17 1.45829e-16 0.156903 0.837862 0.0318123 3.45692e-05 0 0 
-4.18819 4550 4.82559e-17 1.45598e-16 0.156921 0.837957 0.0325243 3.61299e-05 0 0 
-4.16617 4554.53 4.6247e-17 1.45354e-16 0.156938 0.83805 0.0332522 3.77609e-05 0 0 
-4.14414 4559.26 4.43263e-17 1.45094e-16 0.156955 0.838141 0.0339963 3.94655e-05 0 0 
-4.12212 4564.19 4.24898e-17 1.44819e-16 0.156972 0.83823 0.034757 4.1247e-05 0 0 
-4.1001 4569.33 4.07341e-17 1.44528e-16 0.156988 0.838317 0.0355346 4.31087e-05 0 0 
-4.07808 4574.69 3.90556e-17 1.4422e-16 0.157004 0.838402 0.0363295 4.50544e-05 0 0 
-4.05606 4580.29 3.74511e-17 1.43893e-16 0.15702 0.838485 0.0371421 4.70878e-05 0 0 
-4.03403 4586.12 3.59173e-17 1.43546e-16 0.157035 0.838566 0.0379728 4.92128e-05 0 0 
-4.01201 4592.21 3.44513e-17 1.4318e-16 0.15705 0.838645 0.038822 5.14337e-05 0 0 
-3.98999 4598.55 3.30502e-17 1.42792e-16 0.157064 0.838723 0.0396901 5.37547e-05 0 0 
-3.96797 4605.16 3.17112e-17 1.42381e-16 0.157078 0.838799 0.0405775 5.61802e-05 0 0 
-3.94595 4612.05 3.04316e-17 1.41947e-16 0.157092 0.838873 0.0414847 5.87151e-05 0 0 
-3.92392 4619.22 2.9209e-17 1.41488e-16 0.157106 0.838946 0.042412 6.13643e-05 0 0 
-3.9019 4626.7 2.80408e-17 1.41003e-16 0.157119 0.839017 0.0433601 6.41328e-05 0 0 
-3.87988 4634.49 2.69248e-17 1.40491e-16 0.157132 0.839086 0.0443292 6.70262e-05 0 0 
-3.85786 4642.6 2.58587e-17 1.3995e-16 0.157145 0.839154 0.0453199 7.00499e-05 0 0 
-3.83584 4651.04 2.48403e-17 1.39379e-16 0.157157 0.83922 0.0463326 7.32099e-05 0 0 
-3.81381 4659.83 2.38678e-17 1.38776e-16 0.157169 0.839284 0.0473679 7.65123e-05 0 0 
-3.79179 4668.97 2.2939e-17 1.38142e-16 0.157181 0.839347 0.0484263 7.99635e-05 0 0 
-3.76977 4678.49 2.20522e-17 1.37473e-16 0.157193 0.839409 0.0495082 8.35703e-05 0 0 
-3.74775 4688.38 2.12054e-17 1.3677e-16 0.157204 0.839469 0.0506142 8.73396e-05 0 0 
-3.72573 4698.67 2.03971e-17 1.3603e-16 0.157215 0.839528 0.0517448 9.12787e-05 0 0 
-3.7037 4709.36 1.96255e-17 1.35252e-16 0.157226 0.839585 0.0529006 9.53954e-05 0 0 
-3.68168 4720.48 1.88891e-17 1.34435e-16 0.157236 0.839641 0.0540821 9.96975e-05 0 0 
-3.65966 4732.02 1.81864e-17 1.33578e-16 0.157246 0.839696 0.0552899 0.000104194 0 0 
-3.63764 4744.01 1.75159e-17 1.3268e-16 0.157256 0.839749 0.0565246 0.000108892 0 0 
-3.61562 4756.46 1.68762e-17 1.31739e-16 0.157266 0.839801 0.0577867 0.000113802 0 0 
-3.59359 4769.37 1.6266e-17 1.30755e-16 0.157275 0.839851 0.059077 0.000118934 0 0 
-3.57157 4782.77 1.5684e-17 1.29727e-16 0.157285 0.8399 0.0603959 0.000124296 0 0 
-3.54955 4796.66 1.51289e-17 1.28654e-16 0.157294 0.839948 0.0617442 0.000129901 0 0 
-3.52753 4811.06 1.45997e-17 1.27534e-16 0.157302 0.839995 0.0631226 0.000135758 0 0 
-3.50551 4825.97 1.40951e-17 1.26369e-16 0.157311 0.84004 0.0645315 0.000141878 0 0 
-3.48348 4841.42 1.36141e-17 1.25157e-16 0.157319 0.840084 0.0659719 0.000148274 0 0 
-3.46146 4857.41 1.31557e-17 1.23898e-16 0.157327 0.840127 0.0674443 0.000154959 0 0 
-3.43944 4873.95 1.27188e-17 1.22591e-16 0.157335 0.840169 0.0689494 0.000161944 0 0 
-3.41742 4891.06 1.23024e-17 1.21238e-16 0.157342 0.840209 0.070488 0.000169245 0 0 
-3.3954 4908.74 1.19058e-17 1.19838e-16 0.15735 0.840248 0.0720609 0.000176874 0 0 
-3.37337 4927 1.15278e-17 1.18393e-16 0.157357 0.840286 0.0736688 0.000184846 0 0 
-3.35135 4945.86 1.11678e-17 1.16901e-16 0.157364 0.840322 0.0753124 0.000193178 0 0 
-3.32933 4965.32 1.08249e-17 1.15366e-16 0.15737 0.840358 0.0769925 0.000201885 0 0 
-3.30731 4985.39 1.04982e-17 1.13787e-16 0.157377 0.840392 0.0787101 0.000210984 0 0 
-3.28529 5006.08 1.01872e-17 1.12166e-16 0.157383 0.840425 0.0804658 0.000220493 0 0 
-3.26326 5027.4 9.89087e-18 1.10504e-16 0.157389 0.840456 0.0822606 0.00023043 0 0 
-3.24124 5049.35 9.6087e-18 1.08804e-16 0.157395 0.840487 0.0840952 0.000240815 0 0 
-3.21922 5071.94 9.33996e-18 1.07068e-16 0.1574 0.840516 0.0859707 0.000251667 0 0 
-3.1972 5095.17 9.08403e-18 1.05297e-16 0.157405 0.840543 0.0878878 0.000263008 0 0 
-3.17518 5119.04 8.84026e-18 1.03493e-16 0.15741 0.84057 0.0898476 0.000274859 0 0 
-3.15315 5143.57 8.60807e-18 1.01661e-16 0.157415 0.840595 0.0918509 0.000287244 0 0 
-3.13113 5168.76 8.38689e-18 9.98008e-17 0.157419 0.840619 0.0938988 0.000300187 0 0 
-3.10911 5194.6 8.17616e-18 9.79168e-17 0.157423 0.840641 0.0959921 0.000313712 0 0 
-3.08709 5221.09 7.97536e-18 9.60115e-17 0.157427 0.840662 0.0981319 0.000327846 0 0 
-3.06507 5248.25 7.78399e-18 9.40879e-17 0.157431 0.840682 0.100319 0.000342617 0 0 
-3.04304 5276.07 7.60157e-18 9.2149e-17 0.157434 0.8407 0.102555 0.000358052 0 0 
-3.02102 5304.54 7.42763e-18 9.0198e-17 0.157437 0.840716 0.104841 0.000374182 0 0 
-2.999 5333.68 7.26173e-18 8.82379e-17 0.15744 0.840731 0.107177 0.000391037 0 0 
-2.97698 5363.47 7.10345e-18 8.62718e-17 0.157443 0.840744 0.109565 0.000408652 0 0 
-2.95495 5393.92 6.95238e-18 8.43028e-17 0.157445 0.840756 0.112006 0.000427059 0 0 
-2.93293 5425.02 6.80814e-18 8.2334e-17 0.157447 0.840766 0.114502 0.000446294 0 0 
-2.91091 5456.77 6.67037e-18 8.03683e-17 0.157448 0.840774 0.117052 0.000466394 0 0 
-2.88889 5489.17 6.53871e-18 7.84086e-17 0.15745 0.84078 0.11966 0.000487399 0 0 
-2.86687 5522.21 6.41284e-18 7.64577e-17 0.15745 0.840785 0.122325 0.000509348 0 0 
-2.84484 5555.9 6.29243e-18 7.45183e-17 0.157451 0.840787 0.125049 0.000532285 0 0 
-2.82282 5590.22 6.17718e-18 7.25929e-17 0.157451 0.840787 0.127833 0.000556253 0 0 
-2.8008 5625.17 6.06681e-18 7.06841e-17 0.15745 0.840785 0.130679 0.000581299 0 0 
-2.77878 5660.75 5.96105e-18 6.87939e-17 0.15745 0.840781 0.133588 0.00060747 0 0 
-2.75676 5696.95 5.85964e-18 6.69247e-17 0.157448 0.840775 0.136562 0.000634819 0 0 
-2.73473 5733.77 5.76235e-18 6.50784e-17 0.157447 0.840765 0.139601 0.000663396 0 0 
-2.71271 5771.21 5.66893e-18 6.32567e-17 0.157444 0.840754 0.142707 0.000693258 0 0 
-2.69069 5809.26 5.57917e-18 6.14614e-17 0.157442 0.840739 0.145882 0.000724462 0 0 
-2.66867 5847.91 5.49287e-18 5.96939e-17 0.157438 0.840721 0.149128 0.000757068 0 0 
-2.64665 5887.16 5.40984e-18 5.79556e-17 0.157435 0.840701 0.152444 0.000791138 0 0 
-2.62462 5927.01 5.32988e-18 5.62477e-17 0.15743 0.840677 0.155834 0.000826738 0 0 
-2.6026 5967.44 5.25284e-18 5.45712e-17 0.157425 0.84065 0.159299 0.000863937 0 0 
-2.58058 6008.47 5.17854e-18 5.2927e-17 0.157419 0.840619 0.16284 0.000902805 0 0 
-2.55856 6050.07 5.10684e-18 5.13159e-17 0.157413 0.840584 0.166459 0.000943418 0 0 
-2.53654 6092.26 5.03759e-18 4.97385e-17 0.157405 0.840545 0.170157 0.000985853 0 0 
-2.51451 6135.02 4.97066e-18 4.81953e-17 0.157397 0.840502 0.173937 0.00103019 0 0 
-2.49249 6178.35 4.90591e-18 4.66867e-17 0.157388 0.840454 0.1778 0.00107652 0 0 
-2.47047 6222.24 4.84324e-18 4.52129e-17 0.157379 0.840402 0.181748 0.00112492 0 0 
-2.44845 6266.7 4.78254e-18 4.37741e-17 0.157368 0.840344 0.185782 0.00117549 0 0 
-2.42643 6311.71 4.72368e-18 4.23704e-17 0.157356 0.840281 0.189904 0.00122833 0 0 
-2.4044 6357.29 4.66659e-18 4.10017e-17 0.157343 0.840212 0.194117 0.00128354 0 0 
-2.38238 6403.41 4.61116e-18 3.96679e-17 0.157329 0.840137 0.198421 0.00134121 0 0 
-2.36036 6450.08 4.55732e-18 3.83689e-17 0.157314 0.840055 0.20282 0.00140147 0 0 
-2.33834 6497.31 4.50497e-18 3.71044e-17 0.157297 0.839967 0.207314 0.00146442 0 0 
-2.31632 6545.07 4.45405e-18 3.5874e-17 0.157279 0.839871 0.211906 0.00153019 0 0 
-2.29429 6593.38 4.40448e-18 3.46775e-17 0.15726 0.839767 0.216597 0.00159889 0 0 
-2.27227 6642.22 4.3562e-18 3.35144e-17 0.157239 0.839655 0.221391 0.00167066 0 0 
-2.25025 6691.61 4.30915e-18 3.23842e-17 0.157216 0.839533 0.226287 0.00174564 0 0 
-2.22823 6741.53 4.26327e-18 3.12865e-17 0.157192 0.839403 0.23129 0.00182396 0 0 
-2.20621 6791.98 4.2185e-18 3.02207e-17 0.157165 0.839262 0.2364 0.00190577 0 0 
-2.18418 6842.96 4.1748e-18 2.91862e-17 0.157137 0.839111 0.241621 0.00199122 0 0 
-2.16216 6894.48 4.13211e-18 2.81825e-17 0.157106 0.838948 0.246953 0.00208048 0 0 
-2.14014 6946.52 4.09039e-18 2.7209e-17 0.157074 0.838773 0.252399 0.00217371 0 0 
-2.11812 6999.09 4.04961e-18 2.6265e-17 0.157038 0.838585 0.257961 0.00227108 0 0 
-2.0961 7052.19 4.00972e-18 2.53499e-17 0.157001 0.838383 0.263641 0.00237277 0 0 
-2.07407 7105.81 3.97068e-18 2.44631e-17 0.15696 0.838167 0.269442 0.00247897 0 0 
-2.05205 7159.96 3.93247e-18 2.36039e-17 0.156917 0.837934 0.275365 0.00258988 0 0 
-2.03003 7214.63 3.89504e-18 2.27717e-17 0.15687 0.837685 0.281413 0.00270569 0 0 
-2.00801 7269.82 3.85838e-18 2.19658e-17 0.15682 0.837419 0.287587 0.00282662 0 0 
-1.98599 7325.53 3.82244e-18 2.11855e-17 0.156766 0.837133 0.29389 0.00295289 0 0 
-1.96396 7381.77 3.78721e-18 2.04302e-17 0.156709 0.836827 0.300324 0.00308473 0 0 
-1.94194 7438.52 3.75267e-18 1.96993e-17 0.156648 0.836499 0.306891 0.00322237 0 0 
-1.91992 7495.8 3.71878e-18 1.89921e-17 0.156582 0.836148 0.313593 0.00336605 0 0 
-1.8979 7553.59 3.68553e-18 1.83079e-17 0.156512 0.835773 0.320432 0.00351604 0 0 
-1.87588 7611.9 3.65289e-18 1.76461e-17 0.156437 0.835372 0.327409 0.0036726 0 0 
-1.85385 7670.73 3.62085e-18 1.70062e-17 0.156356 0.834943 0.334528 0.003836 0 0 
-1.83183 7730.08 3.58939e-18 1.63874e-17 0.15627 0.834484 0.341788 0.00400652 0 0 
-1.80981 7789.95 3.55849e-18 1.57892e-17 0.156179 0.833994 0.349193 0.00418447 0 0 
-1.78779 7850.34 3.52813e-18 1.52109e-17 0.15608 0.83347 0.356744 0.00437014 0 0 
-1.76577 7911.24 3.49831e-18 1.46521e-17 0.155976 0.83291 0.364443 0.00456386 0 0 
-1.74374 7972.66 3.469e-18 1.41121e-17 0.155864 0.832312 0.37229 0.00476594 0 0 
-1.72172 8034.59 3.44019e-18 1.35903e-17 0.155744 0.831673 0.380288 0.00497672 0 0 
-1.6997 8097.04 3.41187e-18 1.30862e-17 0.155616 0.830991 0.388436 0.00519655 0 0 
-1.67768 8160.01 3.38403e-18 1.25993e-17 0.15548 0.830263 0.396738 0.00542578 0 0 
-1.65566 8223.49 3.35666e-18 1.21291e-17 0.155335 0.829486 0.405192 0.00566479 0 0 
-1.63363 8287.49 3.32974e-18 1.16749e-17 0.155179 0.828657 0.4138 0.00591395 0 0 
-1.61161 8352.01 3.30327e-18 1.12364e-17 0.155014 0.827773 0.422562 0.00617365 0 0 
-1.58959 8417.04 3.27723e-18 1.08131e-17 0.154837 0.82683 0.431479 0.00644429 0 0 
-1.56757 8482.58 3.25162e-18 1.04044e-17 0.154649 0.825823 0.44055 0.00672627 0 0 
-1.54555 8548.64 3.22642e-18 1.00099e-17 0.154448 0.824751 0.449774 0.00702001 0 0 
-1.52352 8615.21 3.20163e-18 9.62912e-18 0.154234 0.823607 0.459151 0.00732594 0 0 
-1.5015 8682.29 3.17725e-18 9.26167e-18 0.154005 0.822389 0.468681 0.00764448 0 0 
-1.47948 8749.89 3.15325e-18 8.90711e-18 0.153762 0.82109 0.47836 0.00797609 0 0 
-1.45746 8818 3.12964e-18 8.56501e-18 0.153503 0.819707 0.488187 0.0083212 0 0 
-1.43544 8886.62 3.10641e-18 8.23498e-18 0.153227 0.818234 0.498161 0.00868026 0 0 
-1.41341 8955.75 3.08355e-18 7.91662e-18 0.152934 0.816665 0.508277 0.00905373 0 0 
-1.39139 9025.39 3.06105e-18 7.60954e-18 0.152621 0.814996 0.518532 0.00944207 0 0 
-1.36937 9095.54 3.03891e-18 7.31339e-18 0.152288 0.81322 0.528922 0.00984572 0 0 
-1.34735 9166.2 3.01713e-18 7.0278e-18 0.151934 0.81133 0.539443 0.0102651 0 0 
-1.32533 9237.37 2.99569e-18 6.75243e-18 0.151558 0.809321 0.550089 0.0107008 0 0 
-1.3033 9309.05 2.97459e-18 6.48693e-18 0.151158 0.807184 0.560853 0.0111531 0 0 
-1.28128 9381.23 2.95382e-18 6.23097e-18 0.150733 0.804914 0.571729 0.0116226 0 0 
-1.25926 9453.91 2.93339e-18 5.98425e-18 0.150281 0.802503 0.582708 0.0121095 0 0 
-1.23724 9527.1 2.91327e-18 5.74644e-18 0.149802 0.799942 0.593782 0.0126144 0 0 
-1.21522 9600.8 2.89348e-18 5.51726e-18 0.149293 0.797224 0.604941 0.0131376 0 0 
-1.19319 9674.99 2.87401e-18 5.29642e-18 0.148753 0.79434 0.616174 0.0136795 0 0 
-1.17117 9749.69 2.85484e-18 5.08362e-18 0.14818 0.791282 0.627469 0.0142405 0 0 
-1.14915 9824.88 2.83598e-18 4.8786e-18 0.147573 0.788041 0.638812 0.0148207 0 0 
-1.12713 9900.58 2.81741e-18 4.6811e-18 0.14693 0.784607 0.650191 0.0154206 0 0 
-1.10511 9976.77 2.79915e-18 4.49087e-18 0.146249 0.780971 0.661588 0.0160403 0 0 
-1.08308 10053.4 2.78117e-18 4.30764e-18 0.145529 0.777123 0.672987 0.0166799 0 0 
-1.06106 10130.6 2.76349e-18 4.13119e-18 0.144767 0.773054 0.68437 0.0173398 0 0 
-1.03904 10208.3 2.74609e-18 3.96128e-18 0.143961 0.768754 0.695716 0.0180197 0 0 
-1.01702 10286.5 2.72896e-18 3.79769e-18 0.143111 0.764212 0.707006 0.0187199 0 0 
-0.994995 10365.1 2.71212e-18 3.64021e-18 0.142213 0.759419 0.718215 0.0194401 0 0 
-0.972973 10444.2 2.69554e-18 3.48861e-18 0.141267 0.754364 0.729319 0.0201802 0 0 
-0.950951 10523.8 2.67923e-18 3.3427e-18 0.140269 0.749037 0.740294 0.02094 0 0 
-0.928929 10603.9 2.66319e-18 3.20228e-18 0.139219 0.743429 0.751111 0.021719 0 0 
-0.906907 10684.5 2.64741e-18 3.06715e-18 0.138114 0.737529 0.761742 0.0225169 0 0 
-0.884885 10765.6 2.63188e-18 2.93715e-18 0.136953 0.731329 0.772157 0.023333 0 0 
-0.862863 10847.1 2.61661e-18 2.81208e-18 0.135734 0.724819 0.782324 0.0241666 0 0 
-0.840841 10929.1 2.60159e-18 2.69177e-18 0.134455 0.717991 0.79221 0.0250169 0 0 
-0.818819 11011.6 2.58681e-18 2.57606e-18 0.133116 0.710838 0.801781 0.0258829 0 0 
-0.796797 11094.5 2.57228e-18 2.46478e-18 0.131714 0.703351 0.811001 0.0267634 0 0 
-0.774775 11177.9 2.55799e-18 2.35778e-18 0.130248 0.695525 0.819835 0.0276574 0 0 
-0.752753 11261.8 2.54393e-18 2.25491e-18 0.128718 0.687355 0.828244 0.0285632 0 0 
-0.730731 11346.2 2.53011e-18 2.15602e-18 0.127123 0.678836 0.836192 0.0294794 0 0 
-0.708709 11431 2.51652e-18 2.06097e-18 0.125462 0.669965 0.843641 0.0304043 0 0 
-0.686687 11516.2 2.50315e-18 1.96962e-18 0.123734 0.660741 0.850552 0.0313358 0 0 
-0.664665 11601.9 2.49001e-18 1.88184e-18 0.121941 0.651163 0.856886 0.0322722 0 0 
-0.642643 11688.1 2.47709e-18 1.7975e-18 0.120081 0.641233 0.862608 0.033211 0 0 
-0.620621 11774.6 2.46439e-18 1.71649e-18 0.118156 0.630954 0.867679 0.0341501 0 0 
-0.598599 11861.7 2.4519e-18 1.63867e-18 0.116167 0.620331 0.872065 0.035087 0 0 
-0.576577 11949.2 2.43963e-18 1.56393e-18 0.114114 0.60937 0.875731 0.036019 0 0 
-0.554555 12037.1 2.42756e-18 1.49217e-18 0.112 0.59808 0.878644 0.0369435 0 0 
-0.532533 12125.4 2.4157e-18 1.42327e-18 0.109826 0.586473 0.880776 0.0378577 0 0 
-0.510511 12214.2 2.40404e-18 1.35714e-18 0.107596 0.57456 0.882099 0.0387588 0 0 
-0.488488 12303.4 2.39258e-18 1.29366e-18 0.10531 0.562357 0.882588 0.0396438 0 0 
-0.466466 12393.1 2.38132e-18 1.23275e-18 0.102974 0.54988 0.882222 0.0405097 0 0 
-0.444444 12483.1 2.37025e-18 1.1743e-18 0.10059 0.537149 0.880985 0.0413537 0 0 
-0.422422 12573.6 2.35937e-18 1.11823e-18 0.0981617 0.524183 0.878863 0.0421726 0 0 
-0.4004 12664.5 2.34869e-18 1.06445e-18 0.0956941 0.511007 0.875848 0.0429637 0 0 
-0.378378 12755.8 2.33819e-18 1.01287e-18 0.0931915 0.497642 0.871934 0.0437241 0 0 
-0.356356 12847.5 2.32787e-18 9.63421e-19 0.0906586 0.484117 0.867122 0.044451 0 0 
-0.334334 12939.6 2.31773e-18 9.16012e-19 0.0881005 0.470457 0.861418 0.0451418 0 0 
-0.312312 13032.1 2.30778e-18 8.70571e-19 0.0855225 0.45669 0.85483 0.0457941 0 0 
-0.29029 13125 2.29799e-18 8.27024e-19 0.0829301 0.442847 0.847375 0.0464055 0 0 
-0.268268 13218.3 2.28838e-18 7.853e-19 0.0803288 0.428956 0.839071 0.0469739 0 0 
-0.246246 13312 2.27895e-18 7.45329e-19 0.0777242 0.415047 0.829943 0.0474974 0 0 
-0.224224 13406.1 2.26968e-18 7.07046e-19 0.0751222 0.401152 0.820019 0.0479744 0 0 
-0.202202 13500.6 2.26057e-18 6.70386e-19 0.0725282 0.387301 0.809332 0.0484035 0 0 
-0.18018 13595.4 2.25163e-18 6.35289e-19 0.069948 0.373522 0.797919 0.0487834 0 0 
-0.158158 13690.6 2.24285e-18 6.01693e-19 0.0673869 0.359846 0.78582 0.0491135 0 0 
-0.136136 13786.2 2.23422e-18 5.69542e-19 0.0648503 0.3463 0.773078 0.049393 0 0 
-0.114114 13882.1 2.22576e-18 5.3878e-19 0.0623432 0.332913 0.75974 0.0496216 0 0 
-0.0920921 13978.5 2.21744e-18 5.09353e-19 0.0598706 0.319709 0.745853 0.0497993 0 0 
-0.0700701 14075.1 2.20928e-18 4.8121e-19 0.057437 0.306714 0.731468 0.0499263 0 0 
-0.048048 14172.1 2.20127e-18 4.54301e-19 0.0550466 0.293949 0.716636 0.0500031 0 0 
-0.026026 14269.5 2.1934e-18 4.28578e-19 0.0527035 0.281437 0.701409 0.0500303 0 0 
-0.004004 14367.2 2.18567e-18 4.03994e-19 0.0504111 0.269195 0.685839 0.050009 0 0 
0.018018 14465.3 2.17809e-18 3.80505e-19 0.0481727 0.257242 0.669978 0.0499403 0 0 
0.04004 14563.7 2.17065e-18 3.58068e-19 0.045991 0.245592 0.653879 0.0498255 0 0 
0.0620621 14662.4 2.16335e-18 3.3664e-19 0.0438686 0.234258 0.637591 0.0496661 0 0 
0.0840841 14761.5 2.15618e-18 3.16183e-19 0.0418075 0.223252 0.621164 0.0494639 0 0 
0.106106 14860.9 2.14914e-18 2.96657e-19 0.0398094 0.212582 0.604646 0.0492207 0 0 
0.128128 14960.6 2.14223e-18 2.78026e-19 0.0378755 0.202255 0.588083 0.0489383 0 0 
0.15015 15060.6 2.13546e-18 2.60252e-19 0.0360069 0.192277 0.571518 0.0486188 0 0 
0.172172 15161 2.12881e-18 2.43303e-19 0.0342042 0.18265 0.554993 0.0482643 0 0 
0.194194 15261.7 2.12228e-18 2.27144e-19 0.0324676 0.173377 0.538546 0.0478769 0 0 
0.216216 15362.6 2.11588e-18 2.11743e-19 0.0307973 0.164457 0.522214 0.0474586 0 0 
0.238238 15463.9 2.1096e-18 1.9707e-19 0.0291928 0.15589 0.50603 0.0470118 0 0 
0.26026 15565.5 2.10344e-18 1.83095e-19 0.0276537 0.147671 0.490025 0.0465386 0 0 
0.282282 15667.3 2.09739e-18 1.69789e-19 0.0261793 0.139797 0.474227 0.046041 0 0 
0.304304 15769.5 2.09146e-18 1.57125e-19 0.0247684 0.132263 0.45866 0.0455212 0 0 
0.326326 15871.9 2.08564e-18 1.45075e-19 0.0234201 0.125063 0.443349 0.0449813 0 0 
0.348348 15974.6 2.07994e-18 1.33615e-19 0.0221329 0.11819 0.428312 0.0444233 0 0 
0.37037 16077.7 2.07434e-18 1.2272e-19 0.0209055 0.111635 0.413567 0.0438491 0 0 
0.392392 16180.9 2.06885e-18 1.12366e-19 0.0197363 0.105392 0.399129 0.0432606 0 0 
0.414414 16284.5 2.06346e-18 1.02531e-19 0.0186235 0.0994494 0.385012 0.0426596 0 0 
0.436436 16388.3 2.05818e-18 9.31925e-20 0.0175655 0.0937996 0.371225 0.0420478 0 0 
0.458458 16492.4 2.053e-18 8.43293e-20 0.0165604 0.0884326 0.357777 0.041427 0 0 
0.48048 16596.7 2.04792e-18 7.59214e-20 0.0156064 0.0833384 0.344674 0.0407985 0 0 
0.502503 16701.3 2.04294e-18 6.79492e-20 0.0147017 0.0785072 0.331923 0.0401639 0 0 
0.524525 16806.2 2.03806e-18 6.0394e-20 0.0138443 0.0739287 0.319525 0.0395246 0 0 
0.546547 16911.3 2.03327e-18 5.32378e-20 0.0130324 0.0695929 0.307483 0.0388819 0 0 
0.568569 17016.7 2.02857e-18 4.64634e-20 0.012264 0.0654897 0.295796 0.038237 0 0 
0.590591 17122.3 2.02397e-18 4.00539e-20 0.0115373 0.0616092 0.284465 0.037591 0 0 
0.612613 17228.1 2.01945e-18 3.39935e-20 0.0108504 0.0579414 0.273487 0.036945 0 0 
0.634635 17334.1 2.01503e-18 2.82668e-20 0.0102016 0.0544767 0.262859 0.0363 0 0 
0.656657 17440.4 2.01069e-18 2.2859e-20 0.00958909 0.0512057 0.252577 0.0356568 0 0 
0.678679 17547 2.00644e-18 1.77559e-20 0.00901107 0.0481191 0.242637 0.0350162 0 0 
0.700701 17653.7 2.00227e-18 1.2944e-20 0.00846591 0.045208 0.233034 0.0343791 0 0 
0.722723 17760.7 1.99818e-18 8.4101e-21 0.00795196 0.0424635 0.223761 0.0337461 0 0 
0.744745 17867.9 1.99418e-18 4.14169e-21 0.00746766 0.0398773 0.214812 0.0331178 0 0 
0.766767 17975.3 1.99025e-18 1.26716e-22 0.00701146 0.0374412 0.20618 0.0324948 0 0 
0.788789 18082.9 1.9864e-18 -3.6464e-21 0.00658192 0.0351475 0.197858 0.0318776 0 0 
0.810811 18190.7 1.98263e-18 -7.18875e-21 0.00617761 0.0329885 0.189839 0.0312667 0 0 
0.832833 18298.7 1.97893e-18 -1.0511e-20 0.00579719 0.030957 0.182116 0.0306625 0 0 
0.854855 18406.9 1.97531e-18 -1.36233e-20 0.00543935 0.0290461 0.174679 0.0300652 0 0 
0.876877 18515.3 1.97176e-18 -1.65356e-20 0.00510286 0.0272493 0.167522 0.0294754 0 0 
0.898899 18623.9 1.96828e-18 -1.92572e-20 0.00478653 0.0255601 0.160636 0.0288931 0 0 
0.920921 18732.7 1.96487e-18 -2.17971e-20 0.00448923 0.0239725 0.154013 0.0283187 0 0 
0.942943 18841.7 1.96153e-18 -2.4164e-20 0.00420989 0.0224808 0.147646 0.0277524 0 0 
0.964965 18950.9 1.95826e-18 -2.63661e-20 0.00394748 0.0210796 0.141525 0.0271943 0 0 
0.986987 19060.2 1.95505e-18 -2.84114e-20 0.00370104 0.0197636 0.135644 0.0266446 0 0 
1.00901 19169.8 1.95191e-18 -3.03076e-20 0.00346963 0.0185278 0.129995 0.0261034 0 0 
1.03103 19279.5 1.94883e-18 -3.20618e-20 0.00325239 0.0173678 0.124569 0.0255708 0 0 
1.05305 19389.3 1.94581e-18 -3.36811e-20 0.00304848 0.0162789 0.119359 0.0250469 0 0 
1.07508 19499.4 1.94286e-18 -3.51722e-20 0.00285712 0.015257 0.114357 0.0245316 0 0 
1.0971 19609.6 1.93996e-18 -3.65414e-20 0.00267756 0.0142982 0.109556 0.0240251 0 0 
1.11912 19720 1.93713e-18 -3.77949e-20 0.00250911 0.0133986 0.10495 0.0235274 0 0 
1.14114 19830.5 1.93435e-18 -3.89386e-20 0.00235109 0.0125548 0.10053 0.0230383 0 0 
1.16316 19941.2 1.93163e-18 -3.9978e-20 0.00220288 0.0117634 0.0962899 0.022558 0 0 
1.18519 20052 1.92896e-18 -4.09186e-20 0.00206389 0.0110212 0.0922233 0.0220864 0 0 
1.20721 20163 1.92635e-18 -4.17655e-20 0.00193356 0.0103252 0.0883235 0.0216234 0 0 
1.22923 20274.2 1.92379e-18 -4.25236e-20 0.00181137 0.00967269 0.0845841 0.021169 0 0 
1.25125 20385.4 1.92128e-18 -4.31976e-20 0.00169681 0.00906096 0.080999 0.0207232 0 0 
1.27327 20496.9 1.91883e-18 -4.3792e-20 0.00158942 0.00848752 0.0775622 0.0202857 0 0 
1.2953 20608.5 1.91642e-18 -4.43111e-20 0.00148877 0.00795003 0.0742681 0.0198567 0 0 
1.31732 20720.2 1.91407e-18 -4.47589e-20 0.00139443 0.00744627 0.0711109 0.0194359 0 0 
1.33934 20832 1.91176e-18 -4.51395e-20 0.00130602 0.00697416 0.0680853 0.0190233 0 0 
1.36136 20944 1.9095e-18 -4.54566e-20 0.00122318 0.00653176 0.0651862 0.0186188 0 0 
1.38338 21056.1 1.90729e-18 -4.57137e-20 0.00114554 0.00611721 0.0624084 0.0182223 0 0 
1.40541 21168.4 1.90512e-18 -4.59143e-20 0.00107281 0.00572879 0.059747 0.0178337 0 0 
1.42743 21280.7 1.903e-18 -4.60616e-20 0.00100466 0.00536487 0.0571975 0.0174528 0 0 
1.44945 21393.2 1.90092e-18 -4.61587e-20 0.000940812 0.00502394 0.0547553 0.0170796 0 0 
1.47147 21505.8 1.89889e-18 -4.62087e-20 0.000881001 0.00470455 0.052416 0.016714 0 0 
1.49349 21618.6 1.8969e-18 -4.62142e-20 0.000824973 0.00440535 0.0501754 0.0163558 0 0 
1.51552 21731.4 1.89495e-18 -4.61781e-20 0.00077249 0.00412509 0.0480295 0.0160049 0 0 
1.53754 21844.4 1.89304e-18 -4.6103e-20 0.00072333 0.00386258 0.0459744 0.0156612 0 0 
1.55956 21957.5 1.89116e-18 -4.59911e-20 0.000677286 0.0036167 0.0440063 0.0153246 0 0 
1.58158 22070.7 1.88933e-18 -4.5845e-20 0.00063416 0.00338641 0.0421217 0.0149949 0 0 
1.6036 22184 1.88754e-18 -4.56668e-20 0.00059377 0.00317073 0.0403171 0.0146721 0 0 
1.62563 22297.4 1.88578e-18 -4.54587e-20 0.000555944 0.00296874 0.0385892 0.0143559 0 0 
1.64765 22410.9 1.88406e-18 -4.52226e-20 0.000520519 0.00277957 0.0369348 0.0140464 0 0 
1.66967 22524.5 1.88238e-18 -4.49605e-20 0.000487345 0.00260242 0.0353508 0.0137434 0 0 
1.69169 22638.2 1.88073e-18 -4.46743e-20 0.000456278 0.00243653 0.0338343 0.0134467 0 0 
1.71371 22752 1.87912e-18 -4.43655e-20 0.000427187 0.00228118 0.0323824 0.0131562 0 0 
1.73574 22865.9 1.87754e-18 -4.4036e-20 0.000399946 0.00213571 0.0309925 0.0128719 0 0 
1.75776 22979.9 1.87599e-18 -4.36873e-20 0.000374437 0.0019995 0.0296619 0.0125936 0 0 
1.77978 23094 1.87447e-18 -4.33209e-20 0.000350553 0.00187195 0.0283881 0.0123211 0 0 
1.8018 23208.2 1.87299e-18 -4.29381e-20 0.000328188 0.00175252 0.0271688 0.0120545 0 0 
1.82382 23322.5 1.87154e-18 -4.25404e-20 0.000307247 0.0016407 0.0260016 0.0117935 0 0 
1.84585 23436.8 1.87012e-18 -4.2129e-20 0.000287641 0.001536 0.0248843 0.011538 0 0 
1.86787 23551.3 1.86873e-18 -4.17052e-20 0.000269283 0.00143797 0.0238149 0.011288 0 0 
1.88989 23665.8 1.86737e-18 -4.127e-20 0.000252095 0.00134619 0.0227912 0.0110434 0 0 
1.91191 23780.4 1.86603e-18 -4.08246e-20 0.000236002 0.00126025 0.0218114 0.0108039 0 0 
1.93393 23895.1 1.86473e-18 -4.03699e-20 0.000220936 0.0011798 0.0208736 0.0105696 0 0 
1.95596 24009.9 1.86345e-18 -3.99071e-20 0.00020683 0.00110447 0.019976 0.0103403 0 0 
1.97798 24124.8 1.8622e-18 -3.94369e-20 0.000193623 0.00103395 0.0191169 0.0101159 0 0 
2 24239.7 1.86098e-18 -3.89603e-20 0.000181259 0.000967921 0.0182946 0.00989639 0 0 
