7.4184e-05 309.229 0.0202677 
0.000222577 887.132 0.0202677 
0.000370969 1446.38 0.0202677 
0.000519362 1993.67 0.0202677 
0.000667755 2531.44 0.0202677 
0.000816147 3060.95 0.0202677 
0.00096454 3582.84 0.0202677 
0.00111293 4097.48 0.0202677 
0.00126133 4605.08 0.0202677 
0.00140972 5105.86 0.0202677 
0.00155811 5599.97 0.0202677 
0.0017065 6087.54 0.0202677 
0.0018549 6568.66 0.0202677 
0.00200329 7043.41 0.0202677 
0.00215168 7511.87 0.0202677 
0.00230007 7974.12 0.0202677 
0.00244847 8430.23 0.0202677 
0.00259686 8880.25 0.0202677 
0.00274525 9324.24 0.0202677 
0.00289365 9762.27 0.0202677 
0.00304204 10194.4 0.0202677 
0.00319043 10620.6 0.0202677 
0.00333882 11041.1 0.0202677 
0.00348722 11455.8 0.0202677 
0.00363561 11864.8 0.0202677 
0.003784 12268.1 0.0202677 
0.00393239 12665.8 0.0202677 
0.00408079 13058 0.0202677 
0.00422918 13444.7 0.0202677 
0.00437757 13825.8 0.0202677 
0.00452596 14201.6 0.0202677 
0.00467436 14572 0.0202677 
0.00482275 14937 0.0202677 
0.00497114 15296.8 0.0202677 
0.00511954 15651.2 0.0202677 
0.00526793 16000.5 0.0202677 
0.00541632 16344.6 0.0202677 
0.00556471 16683.6 0.0202677 
0.00571311 17017.4 0.0202677 
0.0058615 17346.2 0.0202677 
0.00600989 17670 0.0202677 
0.00615828 17988.8 0.0202677 
0.00630668 18302.6 0.0202677 
0.00645507 18611.5 0.0202677 
0.00660346 18915.6 0.0202677 
0.00675185 19214.7 0.0202677 
0.00690025 19509.1 0.0202677 
0.00704864 19798.7 0.0202677 
0.00719703 20083.5 0.0202677 
0.00734543 20363.6 0.0202677 
0.00749382 20639.1 0.0202677 
0.00764221 20909.8 0.0202677 
0.0077906 21176 0.0202677 
0.007939 21437.5 0.0202677 
0.00808739 21694.5 0.0202677 
0.00823578 21947 0.0202677 
0.00838417 22195 0.0202677 
0.00853257 22438.5 0.0202677 
0.00868096 22677.6 0.0202677 
0.00882935 22912.2 0.0202677 
0.00897775 23142.5 0.0202677 
0.00912614 23368.4 0.0202677 
0.00927453 23590 0.0202677 
0.00942292 23807.3 0.0202677 
0.00957132 24020.4 0.0202677 
0.00971971 24229.2 0.0202677 
0.0098681 24433.8 0.0202677 
0.0100165 24634.3 0.0202677 
0.0101649 24830.6 0.0202677 
0.0103133 25022.7 0.0202677 
0.0104617 25210.8 0.0202677 
0.0106101 25394.9 0.0202677 
0.0107585 25574.9 0.0202677 
0.0109069 25750.9 0.0202677 
0.0110552 25922.9 0.0202677 
0.0112036 26091 0.0202677 
0.011352 26255.2 0.0202677 
0.0115004 26415.5 0.0202677 
0.0116488 26571.9 0.0202677 
0.0117972 26724.5 0.0202677 
0.0119456 26873.4 0.0202677 
0.012094 27018.5 0.0202677 
0.0122424 27159.8 0.0202677 
0.0123908 27297.4 0.0202677 
0.0125392 27431.4 0.0202677 
0.0126876 27561.7 0.0202677 
0.012836 27688.4 0.0202677 
0.0129843 27811.6 0.0202677 
0.0131327 27931.1 0.0202677 
0.0132811 28047.2 0.0202677 
0.0134295 28159.8 0.0202677 
0.0135779 28268.9 0.0202677 
0.0137263 28374.6 0.0202677 
0.0138747 28476.9 0.0202677 
0.0140231 28575.8 0.0202677 
0.0141715 28671.4 0.0202677 
0.0143199 28763.8 0.0202677 
0.0144683 28852.8 0.0202677 
0.0146167 28938.6 0.0202677 
0.0147651 29021.2 0.0202677 
0.0149135 29100.7 0.0202677 
0.0150618 29177 0.0202677 
0.0152102 29250.2 0.0202677 
0.0153586 29320.3 0.0202677 
0.015507 29387.4 0.0202677 
0.0156554 29451.5 0.0202677 
0.0158038 29512.6 0.0202677 
0.0159522 29570.8 0.0202677 
0.0161006 29626.1 0.0202677 
0.016249 29678.5 0.0202677 
0.0163974 29728.1 0.0202677 
0.0165458 29774.8 0.0202677 
0.0166942 29818.8 0.0202677 
0.0168426 29860.1 0.0202677 
0.016991 29898.7 0.0202677 
0.0171393 29934.5 0.0202677 
0.0172877 29967.8 0.0202677 
0.0174361 29998.5 0.0202677 
0.0175845 30026.6 0.0202677 
0.0177329 30052.1 0.0202677 
0.0178813 30075.2 0.0202677 
0.0180297 30095.8 0.0202677 
0.0181781 30113.9 0.0202677 
0.0183265 30129.7 0.0202677 
0.0184749 30143.1 0.0202677 
0.0186233 30154.2 0.0202677 
0.0187717 30163 0.0202677 
0.0189201 30169.6 0.0202677 
0.0190684 30173.9 0.0202677 
0.0192168 30176.1 0.0202677 
0.0193652 30176.1 0.0202677 
0.0195136 30173.9 0.0202677 
0.019662 30169.7 0.0202677 
0.0198104 30163.4 0.0202677 
0.0199588 30155.2 0.0202677 
0.0201072 30144.9 0.0202677 
0.0202556 30132.7 0.0202677 
0.020404 30118.6 0.0202677 
0.0205524 30102.5 0.0202677 
0.0207008 30084.7 0.0202677 
0.0208492 30065 0.0202677 
0.0209976 30043.6 0.0202677 
0.0211459 30020.4 0.0202677 
0.0212943 29995.5 0.0202677 
0.0214427 29968.9 0.0202677 
0.0215911 29940.7 0.0202677 
0.0217395 29910.9 0.0202677 
0.0218879 29879.5 0.0202677 
0.0220363 29846.5 0.0202677 
0.0221847 29812 0.0202677 
0.0223331 29776.1 0.0202677 
0.0224815 29738.7 0.0202677 
0.0226299 29699.9 0.0202677 
0.0227783 29659.7 0.0202677 
0.0229267 29618.1 0.0202677 
0.0230751 29575.3 0.0202677 
0.0232234 29531.1 0.0202677 
0.0233718 29485.7 0.0202677 
0.0235202 29439 0.0202677 
0.0236686 29391.2 0.0202677 
0.023817 29342.2 0.0202677 
0.0239654 29292 0.0202677 
0.0241138 29240.8 0.0202677 
0.0242622 29188.5 0.0202677 
0.0244106 29135.1 0.0202677 
0.024559 29080.7 0.0202677 
0.0247074 29025.4 0.0202677 
0.0248558 28969 0.0202677 
0.0250042 28911.8 0.0202677 
0.0251525 28853.6 0.0202677 
0.0253009 28794.6 0.0202677 
0.0254493 28734.7 0.0202677 
0.0255977 28674.1 0.0202677 
0.0257461 28612.6 0.0202677 
0.0258945 28550.3 0.0202677 
0.0260429 28487.4 0.0202677 
0.0261913 28423.7 0.0202677 
0.0263397 28359.3 0.0202677 
0.0264881 28294.3 0.0202677 
0.0266365 28228.7 0.0202677 
0.0267849 28162.4 0.0202677 
0.0269333 28095.6 0.0202677 
0.0270817 28028.3 0.0202677 
0.02723 27960.4 0.0202677 
0.0273784 27892 0.0202677 
0.0275268 27823.1 0.0202677 
0.0276752 27753.7 0.0202677 
0.0278236 27684 0.0202677 
0.027972 27613.8 0.0202677 
0.0281204 27543.2 0.0202677 
0.0282688 27472.3 0.0202677 
0.0284172 27401 0.0202677 
0.0285656 27329.4 0.0202677 
0.028714 27257.5 0.0202677 
0.0288624 27185.3 0.0202677 
0.0290108 27112.9 0.0202677 
0.0291592 27040.2 0.0202677 
0.0293075 26967.3 0.0202677 
0.0294559 26894.2 0.0202677 
0.0296043 26821 0.0202677 
0.0297527 26747.6 0.0202677 
0.0299011 26674.1 0.0202677 
0.0300495 26600.4 0.0202677 
0.0301979 26526.6 0.0202677 
0.0303463 26452.8 0.0202677 
0.0304947 26378.9 0.0202677 
0.0306431 26304.9 0.0202677 
0.0307915 26230.9 0.0202677 
0.0309399 26156.9 0.0202677 
0.0310883 26082.9 0.0202677 
0.0312366 26008.9 0.0202677 
0.031385 25935 0.0202677 
0.0315334 25861.1 0.0202677 
0.0316818 25787.3 0.0202677 
0.0318302 25713.5 0.0202677 
0.0319786 25639.9 0.0202677 
0.032127 25566.4 0.0202677 
0.0322754 25492.9 0.0202677 
0.0324238 25419.7 0.0202677 
0.0325722 25346.6 0.0202677 
0.0327206 25273.6 0.0202677 
0.032869 25200.8 0.0202677 
0.0330174 25128.3 0.0202677 
0.0331658 25055.9 0.0202677 
0.0333141 24983.7 0.0202677 
0.0334625 24911.7 0.0202677 
0.0336109 24840 0.0202677 
0.0337593 24768.6 0.0202677 
0.0339077 24697.3 0.0202677 
0.0340561 24626.4 0.0202677 
0.0342045 24555.7 0.0202677 
0.0343529 24485.3 0.0202677 
0.0345013 24415.2 0.0202677 
0.0346497 24345.5 0.0202677 
0.0347981 24276 0.0202677 
0.0349465 24206.9 0.0202677 
0.0350949 24138.1 0.0202677 
0.0352433 24069.6 0.0202677 
0.0353916 24001.5 0.0202677 
0.03554 23933.8 0.0202677 
0.0356884 23866.4 0.0202677 
0.0358368 23799.4 0.0202677 
0.0359852 23732.8 0.0202677 
0.0361336 23666.5 0.0202677 
0.036282 23600.7 0.0202677 
0.0364304 23535.2 0.0202677 
0.0365788 23470.1 0.0202677 
0.0367272 23405.5 0.0202677 
0.0368756 23341.2 0.0202677 
0.037024 23277.4 0.0202677 
0.0371724 23213.9 0.0202677 
0.0373207 23151 0.0202677 
0.0374691 23088.4 0.0202677 
0.0376175 23026.3 0.0202677 
0.0377659 22964.6 0.0202677 
0.0379143 22903.3 0.0202677 
0.0380627 22842.6 0.0202677 
0.0382111 22782.2 0.0202677 
0.0383595 22722.4 0.0202677 
0.0385079 22662.9 0.0202677 
0.0386563 22604 0.0202677 
0.0388047 22545.5 0.0202677 
0.0389531 22487.4 0.0202677 
0.0391015 22429.9 0.0202677 
0.0392499 22372.7 0.0202677 
0.0393982 22316.1 0.0202677 
0.0395466 22259.9 0.0202677 
0.039695 22204.2 0.0202677 
0.0398434 22149 0.0202677 
0.0399918 22094.2 0.0202677 
0.0401402 22039.9 0.0202677 
0.0402886 21986 0.0202677 
0.040437 21932.7 0.0202677 
0.0405854 21879.8 0.0202677 
0.0407338 21827.3 0.0202677 
0.0408822 21775.4 0.0202677 
0.0410306 21723.9 0.0202677 
0.041179 21672.9 0.0202677 
0.0413274 21622.4 0.0202677 
0.0414757 21572.3 0.0202677 
0.0416241 21522.7 0.0202677 
0.0417725 21473.6 0.0202677 
0.0419209 21424.9 0.0202677 
0.0420693 21376.7 0.0202677 
0.0422177 21329 0.0202677 
0.0423661 21281.7 0.0202677 
0.0425145 21234.9 0.0202677 
0.0426629 21188.5 0.0202677 
0.0428113 21142.6 0.0202677 
0.0429597 21097.2 0.0202677 
0.0431081 21052.1 0.0202677 
0.0432565 21007.6 0.0202677 
0.0434048 20963.5 0.0202677 
0.0435532 20919.8 0.0202677 
0.0437016 20876.5 0.0202677 
0.04385 20833.7 0.0202677 
0.0439984 20791.3 0.0202677 
0.0441468 20749.3 0.0202677 
0.0442952 20707.8 0.0202677 
0.0444436 20666.6 0.0202677 
0.044592 20625.9 0.0202677 
0.0447404 20585.6 0.0202677 
0.0448888 20545.7 0.0202677 
0.0450372 20506.2 0.0202677 
0.0451856 20467.1 0.0202677 
0.045334 20428.4 0.0202677 
0.0454823 20390.1 0.0202677 
0.0456307 20352.2 0.0202677 
0.0457791 20314.7 0.0202677 
0.0459275 20277.5 0.0202677 
0.0460759 20240.8 0.0202677 
0.0462243 20204.4 0.0202677 
0.0463727 20168.3 0.0202677 
0.0465211 20132.6 0.0202677 
0.0466695 20097.3 0.0202677 
0.0468179 20062.3 0.0202677 
0.0469663 20027.7 0.0202677 
0.0471147 19993.4 0.0202677 
0.0472631 19959.4 0.0202677 
0.0474115 19925.8 0.0202677 
0.0475598 19892.5 0.0202677 
0.0477082 19859.5 0.0202677 
0.0478566 19826.8 0.0202677 
0.048005 19794.4 0.0202677 
0.0481534 19762.3 0.0202677 
0.0483018 19730.5 0.0202677 
0.0484502 19699 0.0202677 
0.0485986 19667.8 0.0202677 
0.048747 19636.9 0.0202677 
0.0488954 19606.2 0.0202677 
0.0490438 19575.9 0.0202677 
0.0491922 19545.7 0.0202677 
0.0493406 19515.8 0.0202677 
0.0494889 19486.2 0.0202677 
0.0496373 19456.8 0.0202677 
0.0497857 19427.7 0.0202677 
0.0499341 19398.8 0.0202677 
0.0500825 19370.1 0.0202677 
0.0502309 19341.6 0.0202677 
0.0503793 19313.4 0.0202677 
0.0505277 19285.3 0.0202677 
0.0506761 19257.5 0.0202677 
0.0508245 19229.8 0.0202677 
0.0509729 19202.4 0.0202677 
0.0511213 19175.1 0.0202677 
0.0512697 19148.1 0.0202677 
0.0514181 19121.2 0.0202677 
0.0515664 19094.4 0.0202677 
0.0517148 19067.8 0.0202677 
0.0518632 19041.4 0.0202677 
0.0520116 19015.2 0.0202677 
0.05216 18989.1 0.0202677 
0.0523084 18963.1 0.0202677 
0.0524568 18937.2 0.0202677 
0.0526052 18911.5 0.0202677 
0.0527536 18885.9 0.0202677 
0.052902 18860.4 0.0202677 
0.0530504 18835 0.0202677 
0.0531988 18809.8 0.0202677 
0.0533472 18784.6 0.0202677 
0.0534956 18759.5 0.0202677 
0.0536439 18734.5 0.0202677 
0.0537923 18709.5 0.0202677 
0.0539407 18684.7 0.0202677 
0.0540891 18659.9 0.0202677 
0.0542375 18635.1 0.0202677 
0.0543859 18610.4 0.0202677 
0.0545343 18585.8 0.0202677 
0.0546827 18561.2 0.0202677 
0.0548311 18536.6 0.0202677 
0.0549795 18512.1 0.0202677 
0.0551279 18487.6 0.0202677 
0.0552763 18463.2 0.0202677 
0.0554247 18438.7 0.0202677 
0.055573 18414.3 0.0202677 
0.0557214 18389.8 0.0202677 
0.0558698 18365.4 0.0202677 
0.0560182 18341 0.0202677 
0.0561666 18316.6 0.0202677 
0.056315 18292.2 0.0202677 
0.0564634 18267.8 0.0202677 
0.0566118 18243.3 0.0202677 
0.0567602 18218.8 0.0202677 
0.0569086 18194.3 0.0202677 
0.057057 18169.8 0.0202677 
0.0572054 18145.2 0.0202677 
0.0573538 18120.6 0.0202677 
0.0575022 18096 0.0202677 
0.0576505 18071.3 0.0202677 
0.0577989 18046.5 0.0202677 
0.0579473 18021.7 0.0202677 
0.0580957 17996.8 0.0202677 
0.0582441 17971.8 0.0202677 
0.0583925 17946.8 0.0202677 
0.0585409 17921.6 0.0202677 
0.0586893 17896.4 0.0202677 
0.0588377 17871.1 0.0202677 
0.0589861 17845.7 0.0202677 
0.0591345 17820.2 0.0202677 
0.0592829 17794.6 0.0202677 
0.0594313 17768.9 0.0202677 
0.0595797 17743.1 0.0202677 
0.059728 17717.2 0.0202677 
0.0598764 17691.1 0.0202677 
0.0600248 17665 0.0202677 
0.0601732 17638.7 0.0202677 
0.0603216 17612.3 0.0202677 
0.06047 17585.8 0.0202677 
0.0606184 17559.1 0.0202677 
0.0607668 17532.4 0.0202677 
0.0609152 17505.5 0.0202677 
0.0610636 17478.5 0.0202677 
0.061212 17451.4 0.0202677 
0.0613604 17424.1 0.0202677 
0.0615088 17396.7 0.0202677 
0.0616571 17369.1 0.0202677 
0.0618055 17341.4 0.0202677 
0.0619539 17313.6 0.0202677 
0.0621023 17285.7 0.0202677 
0.0622507 17257.5 0.0202677 
0.0623991 17229.3 0.0202677 
0.0625475 17200.9 0.0202677 
0.0626959 17172.3 0.0202677 
0.0628443 17143.6 0.0202677 
0.0629927 17114.8 0.0202677 
0.0631411 17085.7 0.0202677 
0.0632895 17056.6 0.0202677 
0.0634379 17027.2 0.0202677 
0.0635863 16997.7 0.0202677 
0.0637346 16968 0.0202677 
0.063883 16938.2 0.0202677 
0.0640314 16908.2 0.0202677 
0.0641798 16878 0.0202677 
0.0643282 16847.6 0.0202677 
0.0644766 16817.1 0.0202677 
0.064625 16786.4 0.0202677 
0.0647734 16755.5 0.0202677 
0.0649218 16724.5 0.0202677 
0.0650702 16693.2 0.0202677 
0.0652186 16661.8 0.0202677 
0.065367 16630.2 0.0202677 
0.0655154 16598.5 0.0202677 
0.0656638 16566.6 0.0202677 
0.0658121 16534.5 0.0202677 
0.0659605 16502.3 0.0202677 
0.0661089 16469.9 0.0202677 
0.0662573 16437.3 0.0202677 
0.0664057 16404.6 0.0202677 
0.0665541 16371.7 0.0202677 
0.0667025 16338.6 0.0202677 
0.0668509 16305.4 0.0202677 
0.0669993 16272 0.0202677 
0.0671477 16238.5 0.0202677 
0.0672961 16204.9 0.0202677 
0.0674445 16171 0.0202677 
0.0675929 16137.1 0.0202677 
0.0677413 16102.9 0.0202677 
0.0678896 16068.6 0.0202677 
0.068038 16034.2 0.0202677 
0.0681864 15999.7 0.0202677 
0.0683348 15964.9 0.0202677 
0.0684832 15930.1 0.0202677 
0.0686316 15895.1 0.0202677 
0.06878 15859.9 0.0202677 
0.0689284 15824.7 0.0202677 
0.0690768 15789.2 0.0202677 
0.0692252 15753.7 0.0202677 
0.0693736 15718 0.0202677 
0.069522 15682.2 0.0202677 
0.0696704 15646.2 0.0202677 
0.0698187 15610.1 0.0202677 
0.0699671 15573.9 0.0202677 
0.0701155 15537.5 0.0202677 
0.0702639 15501.1 0.0202677 
0.0704123 15464.4 0.0202677 
0.0705607 15427.7 0.0202677 
0.0707091 15390.9 0.0202677 
0.0708575 15353.9 0.0202677 
0.0710059 15316.8 0.0202677 
0.0711543 15279.6 0.0202677 
0.0713027 15242.3 0.0202677 
0.0714511 15204.9 0.0202677 
0.0715995 15167.4 0.0202677 
0.0717479 15129.8 0.0202677 
0.0718962 15092.1 0.0202677 
0.0720446 15054.3 0.0202677 
0.072193 15016.5 0.0202677 
0.0723414 14978.5 0.0202677 
0.0724898 14940.5 0.0202677 
0.0726382 14902.4 0.0202677 
0.0727866 14864.2 0.0202677 
0.072935 14826 0.0202677 
0.0730834 14787.7 0.0202677 
0.0732318 14749.3 0.0202677 
0.0733802 14710.9 0.0202677 
0.0735286 14672.4 0.0202677 
0.073677 14633.9 0.0202677 
0.0738254 14595.3 0.0202677 
0.0739737 14556.7 0.0202677 
0.0741221 14518 0.0202677 
0.0742705 14479.3 0.0202677 
0.0744189 14440.6 0.0202677 
0.0745673 14401.8 0.0202677 
0.0747157 14363 0.0202677 
0.0748641 14324.2 0.0202677 
0.0750125 14285.4 0.0202677 
0.0751609 14246.5 0.0202677 
0.0753093 14207.6 0.0202677 
0.0754577 14168.8 0.0202677 
0.0756061 14129.9 0.0202677 
0.0757545 14091 0.0202677 
0.0759028 14052.1 0.0202677 
0.0760512 14013.2 0.0202677 
0.0761996 13974.3 0.0202677 
0.076348 13935.5 0.0202677 
0.0764964 13896.6 0.0202677 
0.0766448 13857.8 0.0202677 
0.0767932 13818.9 0.0202677 
0.0769416 13780.1 0.0202677 
0.07709 13741.4 0.0202677 
0.0772384 13702.6 0.0202677 
0.0773868 13663.9 0.0202677 
0.0775352 13625.2 0.0202677 
0.0776836 13586.6 0.0202677 
0.077832 13548 0.0202677 
0.0779803 13509.5 0.0202677 
0.0781287 13471 0.0202677 
0.0782771 13432.5 0.0202677 
0.0784255 13394.1 0.0202677 
0.0785739 13355.8 0.0202677 
0.0787223 13317.6 0.0202677 
0.0788707 13279.4 0.0202677 
0.0790191 13241.2 0.0202677 
0.0791675 13203.2 0.0202677 
0.0793159 13165.2 0.0202677 
0.0794643 13127.3 0.0202677 
0.0796127 13089.5 0.0202677 
0.0797611 13051.7 0.0202677 
0.0799095 13014.1 0.0202677 
0.0800578 12976.5 0.0202677 
0.0802062 12939.1 0.0202677 
0.0803546 12901.7 0.0202677 
0.080503 12864.4 0.0202677 
0.0806514 12827.3 0.0202677 
0.0807998 12790.2 0.0202677 
0.0809482 12753.3 0.0202677 
0.0810966 12716.5 0.0202677 
0.081245 12679.8 0.0202677 
0.0813934 12643.2 0.0202677 
0.0815418 12606.7 0.0202677 
0.0816902 12570.4 0.0202677 
0.0818386 12534.1 0.0202677 
0.0819869 12498.1 0.0202677 
0.0821353 12462.1 0.0202677 
0.0822837 12426.3 0.0202677 
0.0824321 12390.6 0.0202677 
0.0825805 12355.1 0.0202677 
0.0827289 12319.7 0.0202677 
0.0828773 12284.5 0.0202677 
0.0830257 12249.4 0.0202677 
0.0831741 12214.5 0.0202677 
0.0833225 12179.7 0.0202677 
0.0834709 12145.2 0.0202677 
0.0836193 12110.7 0.0202677 
0.0837677 12076.4 0.0202677 
0.0839161 12042.3 0.0202677 
0.0840644 12008.4 0.0202677 
0.0842128 11974.7 0.0202677 
0.0843612 11941.1 0.0202677 
0.0845096 11907.7 0.0202677 
0.084658 11874.5 0.0202677 
0.0848064 11841.4 0.0202677 
0.0849548 11808.5 0.0202677 
0.0851032 11775.8 0.0202677 
0.0852516 11743.3 0.0202677 
0.0854 11711 0.0202677 
0.0855484 11678.8 0.0202677 
0.0856968 11646.9 0.0202677 
0.0858452 11615.1 0.0202677 
0.0859936 11583.5 0.0202677 
0.0861419 11552.1 0.0202677 
0.0862903 11520.9 0.0202677 
0.0864387 11489.8 0.0202677 
0.0865871 11459 0.0202677 
0.0867355 11428.3 0.0202677 
0.0868839 11397.9 0.0202677 
0.0870323 11367.6 0.0202677 
0.0871807 11337.5 0.0202677 
0.0873291 11307.6 0.0202677 
0.0874775 11277.9 0.0202677 
0.0876259 11248.5 0.0202677 
0.0877743 11219.2 0.0202677 
0.0879227 11190.1 0.0202677 
0.088071 11161.2 0.0202677 
0.0882194 11132.5 0.0202677 
0.0883678 11104 0.0202677 
0.0885162 11075.7 0.0202677 
0.0886646 11047.6 0.0202677 
0.088813 11019.7 0.0202677 
0.0889614 10992 0.0202677 
0.0891098 10964.5 0.0202677 
0.0892582 10937.2 0.0202677 
0.0894066 10910.2 0.0202677 
0.089555 10883.3 0.0202677 
0.0897034 10856.7 0.0202677 
0.0898518 10830.2 0.0202677 
0.0900002 10804 0.0202677 
0.0901485 10778 0.0202677 
0.0902969 10752.2 0.0202677 
0.0904453 10726.6 0.0202677 
0.0905937 10701.2 0.0202677 
0.0907421 10676 0.0202677 
0.0908905 10651.1 0.0202677 
0.0910389 10626.4 0.0202677 
0.0911873 10601.8 0.0202677 
0.0913357 10577.5 0.0202677 
0.0914841 10553.5 0.0202677 
0.0916325 10529.6 0.0202677 
0.0917809 10506 0.0202677 
0.0919293 10482.6 0.0202677 
0.0920777 10459.4 0.0202677 
0.092226 10436.4 0.0202677 
0.0923744 10413.6 0.0202677 
0.0925228 10391.1 0.0202677 
0.0926712 10368.7 0.0202677 
0.0928196 10346.6 0.0202677 
0.092968 10324.7 0.0202677 
0.0931164 10303 0.0202677 
0.0932648 10281.4 0.0202677 
0.0934132 10260.1 0.0202677 
0.0935616 10239 0.0202677 
0.09371 10218.1 0.0202677 
0.0938584 10197.4 0.0202677 
0.0940068 10176.9 0.0202677 
0.0941551 10156.6 0.0202677 
0.0943035 10136.5 0.0202677 
0.0944519 10116.6 0.0202677 
0.0946003 10096.9 0.0202677 
0.0947487 10077.3 0.0202677 
0.0948971 10058 0.0202677 
0.0950455 10038.8 0.0202677 
0.0951939 10019.9 0.0202677 
0.0953423 10001.1 0.0202677 
0.0954907 9982.48 0.0202677 
0.0956391 9964.07 0.0202677 
0.0957875 9945.84 0.0202677 
0.0959359 9927.79 0.0202677 
0.0960843 9909.93 0.0202677 
0.0962326 9892.24 0.0202677 
0.096381 9874.72 0.0202677 
0.0965294 9857.38 0.0202677 
0.0966778 9840.22 0.0202677 
0.0968262 9823.23 0.0202677 
0.0969746 9806.41 0.0202677 
0.097123 9789.76 0.0202677 
0.0972714 9773.28 0.0202677 
0.0974198 9756.96 0.0202677 
0.0975682 9740.81 0.0202677 
0.0977166 9724.83 0.0202677 
0.097865 9709.01 0.0202677 
0.0980134 9693.35 0.0202677 
0.0981618 9677.85 0.0202677 
0.0983101 9662.51 0.0202677 
0.0984585 9647.33 0.0202677 
0.0986069 9632.31 0.0202677 
0.0987553 9617.44 0.0202677 
0.0989037 9602.72 0.0202677 
0.0990521 9588.16 0.0202677 
0.0992005 9573.75 0.0202677 
0.0993489 9559.48 0.0202677 
0.0994973 9545.37 0.0202677 
0.0996457 9531.4 0.0202677 
0.0997941 9517.58 0.0202677 
0.0999425 9503.91 0.0202677 
0.100091 9490.38 0.0202677 
0.100239 9476.98 0.0202677 
0.100388 9463.73 0.0202677 
0.100536 9450.61 0.0202677 
0.100684 9437.63 0.0202677 
0.100833 9424.78 0.0202677 
0.100981 9412.06 0.0202677 
0.10113 9399.46 0.0202677 
0.101278 9386.99 0.0202677 
0.101426 9374.65 0.0202677 
0.101575 9362.42 0.0202677 
0.101723 9350.31 0.0202677 
0.101872 9338.32 0.0202677 
0.10202 9326.43 0.0202677 
0.102168 9314.67 0.0202677 
0.102317 9303 0.0202677 
0.102465 9291.45 0.0202677 
0.102614 9280 0.0202677 
0.102762 9268.65 0.0202677 
0.10291 9257.4 0.0202677 
0.103059 9246.25 0.0202677 
0.103207 9235.2 0.0202677 
0.103355 9224.23 0.0202677 
0.103504 9213.36 0.0202677 
0.103652 9202.57 0.0202677 
0.103801 9191.87 0.0202677 
0.103949 9181.26 0.0202677 
0.104097 9170.72 0.0202677 
0.104246 9160.26 0.0202677 
0.104394 9149.88 0.0202677 
0.104543 9139.58 0.0202677 
0.104691 9129.35 0.0202677 
0.104839 9119.18 0.0202677 
0.104988 9109.08 0.0202677 
0.105136 9099.05 0.0202677 
0.105285 9089.08 0.0202677 
0.105433 9079.17 0.0202677 
0.105581 9069.32 0.0202677 
0.10573 9059.53 0.0202677 
0.105878 9049.79 0.0202677 
0.106027 9040.09 0.0202677 
0.106175 9030.45 0.0202677 
0.106323 9020.86 0.0202677 
0.106472 9011.3 0.0202677 
0.10662 9001.79 0.0202677 
0.106769 8992.32 0.0202677 
0.106917 8982.89 0.0202677 
0.107065 8973.49 0.0202677 
0.107214 8964.12 0.0202677 
0.107362 8954.78 0.0202677 
0.10751 8945.47 0.0202677 
0.107659 8936.19 0.0202677 
0.107807 8926.93 0.0202677 
0.107956 8917.69 0.0202677 
0.108104 8908.46 0.0202677 
0.108252 8899.26 0.0202677 
0.108401 8890.06 0.0202677 
0.108549 8880.88 0.0202677 
0.108698 8871.71 0.0202677 
0.108846 8862.54 0.0202677 
0.108994 8853.38 0.0202677 
0.109143 8844.22 0.0202677 
0.109291 8835.06 0.0202677 
0.10944 8825.89 0.0202677 
0.109588 8816.73 0.0202677 
0.109736 8807.56 0.0202677 
0.109885 8798.38 0.0202677 
0.110033 8789.2 0.0202677 
0.110182 8780.01 0.0202677 
0.11033 8770.81 0.0202677 
0.110478 8761.61 0.0202677 
0.110627 8752.39 0.0202677 
0.110775 8743.16 0.0202677 
0.110924 8733.92 0.0202677 
0.111072 8724.66 0.0202677 
0.11122 8715.38 0.0202677 
0.111369 8706.09 0.0202677 
0.111517 8696.79 0.0202677 
0.111665 8687.46 0.0202677 
0.111814 8678.11 0.0202677 
0.111962 8668.74 0.0202677 
0.112111 8659.35 0.0202677 
0.112259 8649.93 0.0202677 
0.112407 8640.49 0.0202677 
0.112556 8631.02 0.0202677 
0.112704 8621.53 0.0202677 
0.112853 8612 0.0202677 
0.113001 8602.45 0.0202677 
0.113149 8592.87 0.0202677 
0.113298 8583.25 0.0202677 
0.113446 8573.6 0.0202677 
0.113595 8563.92 0.0202677 
0.113743 8554.2 0.0202677 
0.113891 8544.44 0.0202677 
0.11404 8534.64 0.0202677 
0.114188 8524.81 0.0202677 
0.114337 8514.93 0.0202677 
0.114485 8505.02 0.0202677 
0.114633 8495.06 0.0202677 
0.114782 8485.05 0.0202677 
0.11493 8475.01 0.0202677 
0.115079 8464.91 0.0202677 
0.115227 8454.77 0.0202677 
0.115375 8444.58 0.0202677 
0.115524 8434.33 0.0202677 
0.115672 8424.04 0.0202677 
0.11582 8413.7 0.0202677 
0.115969 8403.3 0.0202677 
0.116117 8392.85 0.0202677 
0.116266 8382.34 0.0202677 
0.116414 8371.77 0.0202677 
0.116562 8361.15 0.0202677 
0.116711 8350.46 0.0202677 
0.116859 8339.72 0.0202677 
0.117008 8328.91 0.0202677 
0.117156 8318.04 0.0202677 
0.117304 8307.11 0.0202677 
0.117453 8296.11 0.0202677 
0.117601 8285.04 0.0202677 
0.11775 8273.91 0.0202677 
0.117898 8262.71 0.0202677 
0.118046 8251.44 0.0202677 
0.118195 8240.1 0.0202677 
0.118343 8228.68 0.0202677 
0.118492 8217.19 0.0202677 
0.11864 8205.63 0.0202677 
0.118788 8193.99 0.0202677 
0.118937 8182.27 0.0202677 
0.119085 8170.48 0.0202677 
0.119234 8158.61 0.0202677 
0.119382 8146.66 0.0202677 
0.11953 8134.62 0.0202677 
0.119679 8122.52 0.0202677 
0.119827 8110.33 0.0202677 
0.119975 8098.07 0.0202677 
0.120124 8085.74 0.0202677 
0.120272 8073.33 0.0202677 
0.120421 8060.85 0.0202677 
0.120569 8048.3 0.0202677 
0.120717 8035.68 0.0202677 
0.120866 8022.99 0.0202677 
0.121014 8010.23 0.0202677 
0.121163 7997.4 0.0202677 
0.121311 7984.5 0.0202677 
0.121459 7971.53 0.0202677 
0.121608 7958.5 0.0202677 
0.121756 7945.41 0.0202677 
0.121905 7932.25 0.0202677 
0.122053 7919.03 0.0202677 
0.122201 7905.75 0.0202677 
0.12235 7892.41 0.0202677 
0.122498 7879 0.0202677 
0.122647 7865.54 0.0202677 
0.122795 7852.02 0.0202677 
0.122943 7838.44 0.0202677 
0.123092 7824.8 0.0202677 
0.12324 7811.11 0.0202677 
0.123389 7797.37 0.0202677 
0.123537 7783.57 0.0202677 
0.123685 7769.71 0.0202677 
0.123834 7755.81 0.0202677 
0.123982 7741.86 0.0202677 
0.12413 7727.85 0.0202677 
0.124279 7713.79 0.0202677 
0.124427 7699.69 0.0202677 
0.124576 7685.54 0.0202677 
0.124724 7671.34 0.0202677 
0.124872 7657.1 0.0202677 
0.125021 7642.81 0.0202677 
0.125169 7628.48 0.0202677 
0.125318 7614.1 0.0202677 
0.125466 7599.69 0.0202677 
0.125614 7585.23 0.0202677 
0.125763 7570.73 0.0202677 
0.125911 7556.19 0.0202677 
0.12606 7541.62 0.0202677 
0.126208 7527 0.0202677 
0.126356 7512.35 0.0202677 
0.126505 7497.67 0.0202677 
0.126653 7482.95 0.0202677 
0.126802 7468.19 0.0202677 
0.12695 7453.4 0.0202677 
0.127098 7438.58 0.0202677 
0.127247 7423.73 0.0202677 
0.127395 7408.85 0.0202677 
0.127544 7393.93 0.0202677 
0.127692 7378.99 0.0202677 
0.12784 7364.03 0.0202677 
0.127989 7349.03 0.0202677 
0.128137 7334.01 0.0202677 
0.128285 7318.96 0.0202677 
0.128434 7303.89 0.0202677 
0.128582 7288.8 0.0202677 
0.128731 7273.68 0.0202677 
0.128879 7258.54 0.0202677 
0.129027 7243.38 0.0202677 
0.129176 7228.21 0.0202677 
0.129324 7213.01 0.0202677 
0.129473 7197.79 0.0202677 
0.129621 7182.56 0.0202677 
0.129769 7167.31 0.0202677 
0.129918 7152.04 0.0202677 
0.130066 7136.77 0.0202677 
0.130215 7121.47 0.0202677 
0.130363 7106.17 0.0202677 
0.130511 7090.85 0.0202677 
0.13066 7075.52 0.0202677 
0.130808 7060.19 0.0202677 
0.130957 7044.85 0.0202677 
0.131105 7029.5 0.0202677 
0.131253 7014.14 0.0202677 
0.131402 6998.79 0.0202677 
0.13155 6983.43 0.0202677 
0.131698 6968.07 0.0202677 
0.131847 6952.71 0.0202677 
0.131995 6937.35 0.0202677 
0.132144 6922 0.0202677 
0.132292 6906.65 0.0202677 
0.13244 6891.31 0.0202677 
0.132589 6875.97 0.0202677 
0.132737 6860.64 0.0202677 
0.132886 6845.32 0.0202677 
0.133034 6830.01 0.0202677 
0.133182 6814.71 0.0202677 
0.133331 6799.43 0.0202677 
0.133479 6784.16 0.0202677 
0.133628 6768.91 0.0202677 
0.133776 6753.67 0.0202677 
0.133924 6738.45 0.0202677 
0.134073 6723.25 0.0202677 
0.134221 6708.07 0.0202677 
0.13437 6692.91 0.0202677 
0.134518 6677.78 0.0202677 
0.134666 6662.67 0.0202677 
0.134815 6647.58 0.0202677 
0.134963 6632.52 0.0202677 
0.135112 6617.49 0.0202677 
0.13526 6602.49 0.0202677 
0.135408 6587.52 0.0202677 
0.135557 6572.58 0.0202677 
0.135705 6557.68 0.0202677 
0.135853 6542.8 0.0202677 
0.136002 6527.97 0.0202677 
0.13615 6513.16 0.0202677 
0.136299 6498.4 0.0202677 
0.136447 6483.67 0.0202677 
0.136595 6468.99 0.0202677 
0.136744 6454.34 0.0202677 
0.136892 6439.74 0.0202677 
0.137041 6425.18 0.0202677 
0.137189 6410.67 0.0202677 
0.137337 6396.2 0.0202677 
0.137486 6381.78 0.0202677 
0.137634 6367.4 0.0202677 
0.137783 6353.08 0.0202677 
0.137931 6338.8 0.0202677 
0.138079 6324.58 0.0202677 
0.138228 6310.41 0.0202677 
0.138376 6296.29 0.0202677 
0.138525 6282.23 0.0202677 
0.138673 6268.22 0.0202677 
0.138821 6254.27 0.0202677 
0.13897 6240.38 0.0202677 
0.139118 6226.55 0.0202677 
0.139267 6212.78 0.0202677 
0.139415 6199.07 0.0202677 
0.139563 6185.42 0.0202677 
0.139712 6171.84 0.0202677 
0.13986 6158.32 0.0202677 
0.140008 6144.87 0.0202677 
0.140157 6131.48 0.0202677 
0.140305 6118.17 0.0202677 
0.140454 6104.92 0.0202677 
0.140602 6091.74 0.0202677 
0.14075 6078.64 0.0202677 
0.140899 6065.61 0.0202677 
0.141047 6052.65 0.0202677 
0.141196 6039.76 0.0202677 
0.141344 6026.95 0.0202677 
0.141492 6014.22 0.0202677 
0.141641 6001.57 0.0202677 
0.141789 5988.99 0.0202677 
0.141938 5976.5 0.0202677 
0.142086 5964.09 0.0202677 
0.142234 5951.76 0.0202677 
0.142383 5939.51 0.0202677 
0.142531 5927.34 0.0202677 
0.14268 5915.25 0.0202677 
0.142828 5903.24 0.0202677 
0.142976 5891.31 0.0202677 
0.143125 5879.47 0.0202677 
0.143273 5867.7 0.0202677 
0.143422 5856.01 0.0202677 
0.14357 5844.41 0.0202677 
0.143718 5832.88 0.0202677 
0.143867 5821.43 0.0202677 
0.144015 5810.05 0.0202677 
0.144163 5798.76 0.0202677 
0.144312 5787.55 0.0202677 
0.14446 5776.41 0.0202677 
0.144609 5765.35 0.0202677 
0.144757 5754.37 0.0202677 
0.144905 5743.46 0.0202677 
0.145054 5732.63 0.0202677 
0.145202 5721.88 0.0202677 
0.145351 5711.2 0.0202677 
0.145499 5700.6 0.0202677 
0.145647 5690.08 0.0202677 
0.145796 5679.63 0.0202677 
0.145944 5669.25 0.0202677 
0.146093 5658.95 0.0202677 
0.146241 5648.73 0.0202677 
0.146389 5638.58 0.0202677 
0.146538 5628.5 0.0202677 
0.146686 5618.5 0.0202677 
0.146835 5608.58 0.0202677 
0.146983 5598.72 0.0202677 
0.147131 5588.94 0.0202677 
0.14728 5579.23 0.0202677 
0.147428 5569.6 0.0202677 
0.147577 5560.03 0.0202677 
0.147725 5550.54 0.0202677 
0.147873 5541.13 0.0202677 
0.148022 5531.78 0.0202677 
0.14817 5522.51 0.0202677 
0.148318 5513.3 0.0202677 
0.148467 5504.17 0.0202677 
0.148615 5495.11 0.0202677 
0.148764 5486.12 0.0202677 
0.148912 5477.2 0.0202677 
0.14906 5468.35 0.0202677 
0.149209 5459.57 0.0202677 
0.149357 5450.86 0.0202677 
0.149506 5442.22 0.0202677 
0.149654 5433.64 0.0202677 
0.149802 5425.14 0.0202677 
0.149951 5416.71 0.0202677 
0.150099 5408.34 0.0202677 
0.150248 5400.05 0.0202677 
0.150396 5391.82 0.0202677 
0.150544 5383.66 0.0202677 
0.150693 5375.56 0.0202677 
0.150841 5367.54 0.0202677 
0.15099 5359.58 0.0202677 
0.151138 5351.69 0.0202677 
0.151286 5343.86 0.0202677 
0.151435 5336.11 0.0202677 
0.151583 5328.41 0.0202677 
0.151732 5320.79 0.0202677 
0.15188 5313.23 0.0202677 
0.152028 5305.73 0.0202677 
0.152177 5298.31 0.0202677 
0.152325 5290.94 0.0202677 
0.152473 5283.65 0.0202677 
0.152622 5276.41 0.0202677 
0.15277 5269.24 0.0202677 
0.152919 5262.14 0.0202677 
0.153067 5255.1 0.0202677 
0.153215 5248.13 0.0202677 
0.153364 5241.21 0.0202677 
0.153512 5234.37 0.0202677 
0.153661 5227.58 0.0202677 
0.153809 5220.86 0.0202677 
0.153957 5214.2 0.0202677 
0.154106 5207.6 0.0202677 
0.154254 5201.07 0.0202677 
0.154403 5194.6 0.0202677 
0.154551 5188.19 0.0202677 
0.154699 5181.84 0.0202677 
0.154848 5175.56 0.0202677 
0.154996 5169.33 0.0202677 
0.155145 5163.17 0.0202677 
0.155293 5157.07 0.0202677 
0.155441 5151.03 0.0202677 
0.15559 5145.05 0.0202677 
0.155738 5139.12 0.0202677 
0.155887 5133.25 0.0202677 
0.156035 5127.44 0.0202677 
0.156183 5121.69 0.0202677 
0.156332 5115.98 0.0202677 
0.15648 5110.34 0.0202677 
0.156628 5104.74 0.0202677 
0.156777 5099.2 0.0202677 
0.156925 5093.7 0.0202677 
0.157074 5088.26 0.0202677 
0.157222 5082.87 0.0202677 
0.15737 5077.52 0.0202677 
0.157519 5072.22 0.0202677 
0.157667 5066.97 0.0202677 
0.157816 5061.76 0.0202677 
0.157964 5056.6 0.0202677 
0.158112 5051.48 0.0202677 
0.158261 5046.4 0.0202677 
0.158409 5041.36 0.0202677 
0.158558 5036.37 0.0202677 
0.158706 5031.42 0.0202677 
0.158854 5026.5 0.0202677 
0.159003 5021.62 0.0202677 
0.159151 5016.78 0.0202677 
0.1593 5011.98 0.0202677 
0.159448 5007.21 0.0202677 
0.159596 5002.48 0.0202677 
0.159745 4997.78 0.0202677 
0.159893 4993.11 0.0202677 
0.160042 4988.48 0.0202677 
0.16019 4983.87 0.0202677 
0.160338 4979.3 0.0202677 
0.160487 4974.76 0.0202677 
0.160635 4970.24 0.0202677 
0.160783 4965.75 0.0202677 
0.160932 4961.29 0.0202677 
0.16108 4956.85 0.0202677 
0.161229 4952.44 0.0202677 
0.161377 4948.05 0.0202677 
0.161525 4943.69 0.0202677 
0.161674 4939.35 0.0202677 
0.161822 4935.02 0.0202677 
0.161971 4930.72 0.0202677 
0.162119 4926.44 0.0202677 
0.162267 4922.18 0.0202677 
0.162416 4917.93 0.0202677 
0.162564 4913.7 0.0202677 
0.162713 4909.49 0.0202677 
0.162861 4905.29 0.0202677 
0.163009 4901.11 0.0202677 
0.163158 4896.94 0.0202677 
0.163306 4892.78 0.0202677 
0.163455 4888.63 0.0202677 
0.163603 4884.49 0.0202677 
0.163751 4880.37 0.0202677 
0.1639 4876.25 0.0202677 
0.164048 4872.14 0.0202677 
0.164196 4868.03 0.0202677 
0.164345 4863.94 0.0202677 
0.164493 4859.84 0.0202677 
0.164642 4855.75 0.0202677 
0.16479 4851.67 0.0202677 
0.164938 4847.58 0.0202677 
0.165087 4843.5 0.0202677 
0.165235 4839.42 0.0202677 
0.165384 4835.34 0.0202677 
0.165532 4831.26 0.0202677 
0.16568 4827.17 0.0202677 
0.165829 4823.09 0.0202677 
0.165977 4819 0.0202677 
0.166126 4814.9 0.0202677 
0.166274 4810.8 0.0202677 
0.166422 4806.69 0.0202677 
0.166571 4802.57 0.0202677 
0.166719 4798.45 0.0202677 
0.166868 4794.32 0.0202677 
0.167016 4790.17 0.0202677 
0.167164 4786.02 0.0202677 
0.167313 4781.85 0.0202677 
0.167461 4777.67 0.0202677 
0.16761 4773.48 0.0202677 
0.167758 4769.27 0.0202677 
0.167906 4765.05 0.0202677 
0.168055 4760.81 0.0202677 
0.168203 4756.55 0.0202677 
0.168351 4752.28 0.0202677 
0.1685 4747.98 0.0202677 
0.168648 4743.67 0.0202677 
0.168797 4739.33 0.0202677 
0.168945 4734.98 0.0202677 
0.169093 4730.6 0.0202677 
0.169242 4726.19 0.0202677 
0.16939 4721.77 0.0202677 
0.169539 4717.31 0.0202677 
0.169687 4712.84 0.0202677 
0.169835 4708.34 0.0202677 
0.169984 4703.81 0.0202677 
0.170132 4699.26 0.0202677 
0.170281 4694.68 0.0202677 
0.170429 4690.08 0.0202677 
0.170577 4685.46 0.0202677 
0.170726 4680.81 0.0202677 
0.170874 4676.14 0.0202677 
0.171023 4671.45 0.0202677 
0.171171 4666.73 0.0202677 
0.171319 4661.98 0.0202677 
0.171468 4657.22 0.0202677 
0.171616 4652.42 0.0202677 
0.171765 4647.61 0.0202677 
0.171913 4642.77 0.0202677 
0.172061 4637.91 0.0202677 
0.17221 4633.03 0.0202677 
0.172358 4628.12 0.0202677 
0.172506 4623.19 0.0202677 
0.172655 4618.24 0.0202677 
0.172803 4613.26 0.0202677 
0.172952 4608.26 0.0202677 
0.1731 4603.24 0.0202677 
0.173248 4598.19 0.0202677 
0.173397 4593.12 0.0202677 
0.173545 4588.03 0.0202677 
0.173694 4582.92 0.0202677 
0.173842 4577.79 0.0202677 
0.17399 4572.63 0.0202677 
0.174139 4567.45 0.0202677 
0.174287 4562.25 0.0202677 
0.174436 4557.02 0.0202677 
0.174584 4551.78 0.0202677 
0.174732 4546.51 0.0202677 
0.174881 4541.22 0.0202677 
0.175029 4535.91 0.0202677 
0.175178 4530.58 0.0202677 
0.175326 4525.23 0.0202677 
0.175474 4519.85 0.0202677 
0.175623 4514.46 0.0202677 
0.175771 4509.04 0.0202677 
0.17592 4503.6 0.0202677 
0.176068 4498.14 0.0202677 
0.176216 4492.66 0.0202677 
0.176365 4487.16 0.0202677 
0.176513 4481.64 0.0202677 
0.176661 4476.09 0.0202677 
0.17681 4470.53 0.0202677 
0.176958 4464.95 0.0202677 
0.177107 4459.34 0.0202677 
0.177255 4453.72 0.0202677 
0.177403 4448.08 0.0202677 
0.177552 4442.41 0.0202677 
0.1777 4436.73 0.0202677 
0.177849 4431.02 0.0202677 
0.177997 4425.3 0.0202677 
0.178145 4419.55 0.0202677 
0.178294 4413.79 0.0202677 
0.178442 4408.01 0.0202677 
0.178591 4402.21 0.0202677 
0.178739 4396.38 0.0202677 
0.178887 4390.54 0.0202677 
0.179036 4384.68 0.0202677 
0.179184 4378.8 0.0202677 
0.179333 4372.9 0.0202677 
0.179481 4366.99 0.0202677 
0.179629 4361.05 0.0202677 
0.179778 4355.1 0.0202677 
0.179926 4349.12 0.0202677 
0.180075 4343.13 0.0202677 
0.180223 4337.12 0.0202677 
0.180371 4331.09 0.0202677 
0.18052 4325.05 0.0202677 
0.180668 4318.98 0.0202677 
0.180816 4312.9 0.0202677 
0.180965 4306.8 0.0202677 
0.181113 4300.68 0.0202677 
0.181262 4294.54 0.0202677 
0.18141 4288.39 0.0202677 
0.181558 4282.22 0.0202677 
0.181707 4276.03 0.0202677 
0.181855 4269.82 0.0202677 
0.182004 4263.6 0.0202677 
0.182152 4257.36 0.0202677 
0.1823 4251.1 0.0202677 
0.182449 4244.83 0.0202677 
0.182597 4238.53 0.0202677 
0.182746 4232.23 0.0202677 
0.182894 4225.9 0.0202677 
0.183042 4219.56 0.0202677 
0.183191 4213.2 0.0202677 
0.183339 4206.83 0.0202677 
0.183488 4200.44 0.0202677 
0.183636 4194.03 0.0202677 
0.183784 4187.61 0.0202677 
0.183933 4181.17 0.0202677 
0.184081 4174.71 0.0202677 
0.18423 4168.24 0.0202677 
0.184378 4161.75 0.0202677 
0.184526 4155.25 0.0202677 
0.184675 4148.73 0.0202677 
0.184823 4142.2 0.0202677 
0.184971 4135.65 0.0202677 
0.18512 4129.09 0.0202677 
0.185268 4122.51 0.0202677 
0.185417 4115.92 0.0202677 
0.185565 4109.32 0.0202677 
0.185713 4102.7 0.0202677 
0.185862 4096.07 0.0202677 
0.18601 4089.43 0.0202677 
0.186159 4082.78 0.0202677 
0.186307 4076.11 0.0202677 
0.186455 4069.44 0.0202677 
0.186604 4062.76 0.0202677 
0.186752 4056.06 0.0202677 
0.186901 4049.36 0.0202677 
0.187049 4042.65 0.0202677 
0.187197 4035.94 0.0202677 
0.187346 4029.21 0.0202677 
0.187494 4022.48 0.0202677 
0.187643 4015.74 0.0202677 
0.187791 4009 0.0202677 
0.187939 4002.25 0.0202677 
0.188088 3995.5 0.0202677 
0.188236 3988.74 0.0202677 
0.188385 3981.98 0.0202677 
0.188533 3975.22 0.0202677 
0.188681 3968.45 0.0202677 
0.18883 3961.69 0.0202677 
0.188978 3954.92 0.0202677 
0.189126 3948.15 0.0202677 
0.189275 3941.37 0.0202677 
0.189423 3934.6 0.0202677 
0.189572 3927.83 0.0202677 
0.18972 3921.06 0.0202677 
0.189868 3914.29 0.0202677 
0.190017 3907.53 0.0202677 
0.190165 3900.76 0.0202677 
0.190314 3894 0.0202677 
0.190462 3887.24 0.0202677 
0.19061 3880.49 0.0202677 
0.190759 3873.74 0.0202677 
0.190907 3866.99 0.0202677 
0.191056 3860.25 0.0202677 
0.191204 3853.52 0.0202677 
0.191352 3846.79 0.0202677 
0.191501 3840.07 0.0202677 
0.191649 3833.35 0.0202677 
0.191798 3826.65 0.0202677 
0.191946 3819.95 0.0202677 
0.192094 3813.26 0.0202677 
0.192243 3806.58 0.0202677 
0.192391 3799.91 0.0202677 
0.19254 3793.25 0.0202677 
0.192688 3786.6 0.0202677 
0.192836 3779.96 0.0202677 
0.192985 3773.33 0.0202677 
0.193133 3766.71 0.0202677 
0.193281 3760.11 0.0202677 
0.19343 3753.52 0.0202677 
0.193578 3746.94 0.0202677 
0.193727 3740.38 0.0202677 
0.193875 3733.83 0.0202677 
0.194023 3727.3 0.0202677 
0.194172 3720.78 0.0202677 
0.19432 3714.28 0.0202677 
0.194469 3707.79 0.0202677 
0.194617 3701.32 0.0202677 
0.194765 3694.87 0.0202677 
0.194914 3688.43 0.0202677 
0.195062 3682.02 0.0202677 
0.195211 3675.62 0.0202677 
0.195359 3669.24 0.0202677 
0.195507 3662.88 0.0202677 
0.195656 3656.54 0.0202677 
0.195804 3650.22 0.0202677 
0.195953 3643.92 0.0202677 
0.196101 3637.64 0.0202677 
0.196249 3631.38 0.0202677 
0.196398 3625.15 0.0202677 
0.196546 3618.93 0.0202677 
0.196694 3612.75 0.0202677 
0.196843 3606.58 0.0202677 
0.196991 3600.44 0.0202677 
0.19714 3594.32 0.0202677 
0.197288 3588.23 0.0202677 
0.197436 3582.16 0.0202677 
0.197585 3576.12 0.0202677 
0.197733 3570.11 0.0202677 
0.197882 3564.12 0.0202677 
0.19803 3558.16 0.0202677 
0.198178 3552.22 0.0202677 
0.198327 3546.31 0.0202677 
0.198475 3540.44 0.0202677 
0.198624 3534.59 0.0202677 
0.198772 3528.77 0.0202677 
0.19892 3522.98 0.0202677 
0.199069 3517.22 0.0202677 
0.199217 3511.49 0.0202677 
0.199366 3505.79 0.0202677 
0.199514 3500.12 0.0202677 
0.199662 3494.48 0.0202677 
0.199811 3488.88 0.0202677 
0.199959 3483.31 0.0202677 
0.200108 3477.77 0.0202677 
0.200256 3472.27 0.0202677 
0.200404 3466.8 0.0202677 
0.200553 3461.36 0.0202677 
0.200701 3455.96 0.0202677 
0.200849 3450.59 0.0202677 
0.200998 3445.26 0.0202677 
0.201146 3439.97 0.0202677 
0.201295 3434.71 0.0202677 
0.201443 3429.49 0.0202677 
0.201591 3424.31 0.0202677 
0.20174 3419.16 0.0202677 
0.201888 3414.05 0.0202677 
0.202037 3408.99 0.0202677 
0.202185 3403.95 0.0202677 
0.202333 3398.96 0.0202677 
0.202482 3394.01 0.0202677 
0.20263 3389.09 0.0202677 
0.202779 3384.2 0.0202677 
0.202927 3379.36 0.0202677 
0.203075 3374.55 0.0202677 
0.203224 3369.78 0.0202677 
0.203372 3365.04 0.0202677 
0.203521 3360.34 0.0202677 
0.203669 3355.67 0.0202677 
0.203817 3351.04 0.0202677 
0.203966 3346.44 0.0202677 
0.204114 3341.87 0.0202677 
0.204263 3337.34 0.0202677 
0.204411 3332.84 0.0202677 
0.204559 3328.38 0.0202677 
0.204708 3323.95 0.0202677 
0.204856 3319.55 0.0202677 
0.205004 3315.18 0.0202677 
0.205153 3310.85 0.0202677 
0.205301 3306.55 0.0202677 
0.20545 3302.27 0.0202677 
0.205598 3298.03 0.0202677 
0.205746 3293.82 0.0202677 
0.205895 3289.64 0.0202677 
0.206043 3285.49 0.0202677 
0.206192 3281.37 0.0202677 
0.20634 3277.28 0.0202677 
0.206488 3273.22 0.0202677 
0.206637 3269.19 0.0202677 
0.206785 3265.19 0.0202677 
0.206934 3261.22 0.0202677 
0.207082 3257.27 0.0202677 
0.20723 3253.35 0.0202677 
0.207379 3249.46 0.0202677 
0.207527 3245.59 0.0202677 
0.207676 3241.76 0.0202677 
0.207824 3237.95 0.0202677 
0.207972 3234.16 0.0202677 
0.208121 3230.41 0.0202677 
0.208269 3226.67 0.0202677 
0.208418 3222.97 0.0202677 
0.208566 3219.29 0.0202677 
0.208714 3215.63 0.0202677 
0.208863 3212 0.0202677 
0.209011 3208.39 0.0202677 
0.209159 3204.81 0.0202677 
0.209308 3201.25 0.0202677 
0.209456 3197.71 0.0202677 
0.209605 3194.2 0.0202677 
0.209753 3190.71 0.0202677 
0.209901 3187.24 0.0202677 
0.21005 3183.79 0.0202677 
0.210198 3180.37 0.0202677 
0.210347 3176.97 0.0202677 
0.210495 3173.59 0.0202677 
0.210643 3170.23 0.0202677 
0.210792 3166.89 0.0202677 
0.21094 3163.58 0.0202677 
0.211089 3160.28 0.0202677 
0.211237 3157 0.0202677 
0.211385 3153.75 0.0202677 
0.211534 3150.51 0.0202677 
0.211682 3147.29 0.0202677 
0.211831 3144.09 0.0202677 
0.211979 3140.91 0.0202677 
0.212127 3137.75 0.0202677 
0.212276 3134.61 0.0202677 
0.212424 3131.48 0.0202677 
0.212573 3128.37 0.0202677 
0.212721 3125.28 0.0202677 
0.212869 3122.21 0.0202677 
0.213018 3119.15 0.0202677 
0.213166 3116.11 0.0202677 
0.213314 3113.08 0.0202677 
0.213463 3110.08 0.0202677 
0.213611 3107.08 0.0202677 
0.21376 3104.1 0.0202677 
0.213908 3101.14 0.0202677 
0.214056 3098.19 0.0202677 
0.214205 3095.26 0.0202677 
0.214353 3092.34 0.0202677 
0.214502 3089.44 0.0202677 
0.21465 3086.54 0.0202677 
0.214798 3083.67 0.0202677 
0.214947 3080.8 0.0202677 
0.215095 3077.95 0.0202677 
0.215244 3075.11 0.0202677 
0.215392 3072.28 0.0202677 
0.21554 3069.47 0.0202677 
0.215689 3066.66 0.0202677 
0.215837 3063.87 0.0202677 
0.215986 3061.09 0.0202677 
0.216134 3058.32 0.0202677 
0.216282 3055.56 0.0202677 
0.216431 3052.81 0.0202677 
0.216579 3050.07 0.0202677 
0.216728 3047.35 0.0202677 
0.216876 3044.63 0.0202677 
0.217024 3041.92 0.0202677 
0.217173 3039.22 0.0202677 
0.217321 3036.52 0.0202677 
0.217469 3033.84 0.0202677 
0.217618 3031.16 0.0202677 
0.217766 3028.5 0.0202677 
0.217915 3025.84 0.0202677 
0.218063 3023.18 0.0202677 
0.218211 3020.54 0.0202677 
0.21836 3017.9 0.0202677 
0.218508 3015.27 0.0202677 
0.218657 3012.64 0.0202677 
0.218805 3010.02 0.0202677 
0.218953 3007.41 0.0202677 
0.219102 3004.8 0.0202677 
0.21925 3002.2 0.0202677 
0.219399 2999.6 0.0202677 
0.219547 2997 0.0202677 
0.219695 2994.41 0.0202677 
0.219844 2991.83 0.0202677 
0.219992 2989.25 0.0202677 
0.220141 2986.67 0.0202677 
0.220289 2984.1 0.0202677 
0.220437 2981.52 0.0202677 
0.220586 2978.96 0.0202677 
0.220734 2976.39 0.0202677 
0.220883 2973.83 0.0202677 
0.221031 2971.27 0.0202677 
0.221179 2968.71 0.0202677 
0.221328 2966.15 0.0202677 
0.221476 2963.6 0.0202677 
0.221624 2961.05 0.0202677 
0.221773 2958.5 0.0202677 
0.221921 2955.95 0.0202677 
0.22207 2953.4 0.0202677 
0.222218 2950.86 0.0202677 
0.222366 2948.32 0.0202677 
0.222515 2945.78 0.0202677 
0.222663 2943.24 0.0202677 
0.222812 2940.7 0.0202677 
0.22296 2938.17 0.0202677 
0.223108 2935.63 0.0202677 
0.223257 2933.1 0.0202677 
0.223405 2930.56 0.0202677 
0.223554 2928.03 0.0202677 
0.223702 2925.5 0.0202677 
0.22385 2922.97 0.0202677 
0.223999 2920.44 0.0202677 
0.224147 2917.91 0.0202677 
0.224296 2915.38 0.0202677 
0.224444 2912.86 0.0202677 
0.224592 2910.33 0.0202677 
0.224741 2907.8 0.0202677 
0.224889 2905.27 0.0202677 
0.225038 2902.75 0.0202677 
0.225186 2900.22 0.0202677 
0.225334 2897.69 0.0202677 
0.225483 2895.16 0.0202677 
0.225631 2892.64 0.0202677 
0.225779 2890.11 0.0202677 
0.225928 2887.58 0.0202677 
0.226076 2885.05 0.0202677 
0.226225 2882.52 0.0202677 
0.226373 2879.99 0.0202677 
0.226521 2877.45 0.0202677 
0.22667 2874.92 0.0202677 
0.226818 2872.39 0.0202677 
0.226967 2869.85 0.0202677 
0.227115 2867.31 0.0202677 
0.227263 2864.77 0.0202677 
0.227412 2862.23 0.0202677 
0.22756 2859.69 0.0202677 
0.227709 2857.15 0.0202677 
0.227857 2854.61 0.0202677 
0.228005 2852.06 0.0202677 
0.228154 2849.51 0.0202677 
0.228302 2846.96 0.0202677 
0.228451 2844.41 0.0202677 
0.228599 2841.85 0.0202677 
0.228747 2839.29 0.0202677 
0.228896 2836.74 0.0202677 
0.229044 2834.17 0.0202677 
0.229192 2831.61 0.0202677 
0.229341 2829.04 0.0202677 
0.229489 2826.47 0.0202677 
0.229638 2823.9 0.0202677 
0.229786 2821.32 0.0202677 
0.229934 2818.74 0.0202677 
0.230083 2816.16 0.0202677 
0.230231 2813.58 0.0202677 
0.23038 2810.99 0.0202677 
0.230528 2808.39 0.0202677 
0.230676 2805.8 0.0202677 
0.230825 2803.2 0.0202677 
0.230973 2800.6 0.0202677 
0.231122 2797.99 0.0202677 
0.23127 2795.38 0.0202677 
0.231418 2792.76 0.0202677 
0.231567 2790.15 0.0202677 
0.231715 2787.52 0.0202677 
0.231864 2784.9 0.0202677 
0.232012 2782.26 0.0202677 
0.23216 2779.63 0.0202677 
0.232309 2776.99 0.0202677 
0.232457 2774.34 0.0202677 
0.232606 2771.69 0.0202677 
0.232754 2769.04 0.0202677 
0.232902 2766.38 0.0202677 
0.233051 2763.72 0.0202677 
0.233199 2761.05 0.0202677 
0.233347 2758.37 0.0202677 
0.233496 2755.69 0.0202677 
0.233644 2753.01 0.0202677 
0.233793 2750.32 0.0202677 
0.233941 2747.62 0.0202677 
0.234089 2744.92 0.0202677 
0.234238 2742.21 0.0202677 
0.234386 2739.5 0.0202677 
0.234535 2736.78 0.0202677 
0.234683 2734.06 0.0202677 
0.234831 2731.33 0.0202677 
0.23498 2728.59 0.0202677 
0.235128 2725.85 0.0202677 
0.235277 2723.1 0.0202677 
0.235425 2720.34 0.0202677 
0.235573 2717.58 0.0202677 
0.235722 2714.81 0.0202677 
0.23587 2712.04 0.0202677 
0.236019 2709.25 0.0202677 
0.236167 2706.46 0.0202677 
0.236315 2703.67 0.0202677 
0.236464 2700.87 0.0202677 
0.236612 2698.06 0.0202677 
0.236761 2695.24 0.0202677 
0.236909 2692.41 0.0202677 
0.237057 2689.58 0.0202677 
0.237206 2686.74 0.0202677 
0.237354 2683.9 0.0202677 
0.237502 2681.04 0.0202677 
0.237651 2678.18 0.0202677 
0.237799 2675.31 0.0202677 
0.237948 2672.43 0.0202677 
0.238096 2669.55 0.0202677 
0.238244 2666.65 0.0202677 
0.238393 2663.75 0.0202677 
0.238541 2660.84 0.0202677 
0.23869 2657.92 0.0202677 
0.238838 2654.99 0.0202677 
0.238986 2652.06 0.0202677 
0.239135 2649.11 0.0202677 
0.239283 2646.16 0.0202677 
0.239432 2643.2 0.0202677 
0.23958 2640.23 0.0202677 
0.239728 2637.25 0.0202677 
0.239877 2634.26 0.0202677 
0.240025 2631.26 0.0202677 
0.240174 2628.26 0.0202677 
0.240322 2625.24 0.0202677 
0.24047 2622.22 0.0202677 
0.240619 2619.18 0.0202677 
0.240767 2616.14 0.0202677 
0.240916 2613.09 0.0202677 
0.241064 2610.02 0.0202677 
0.241212 2606.95 0.0202677 
0.241361 2603.87 0.0202677 
0.241509 2600.78 0.0202677 
0.241657 2597.69 0.0202677 
0.241806 2594.58 0.0202677 
0.241954 2591.47 0.0202677 
0.242103 2588.35 0.0202677 
0.242251 2585.22 0.0202677 
0.242399 2582.09 0.0202677 
0.242548 2578.94 0.0202677 
0.242696 2575.79 0.0202677 
0.242845 2572.64 0.0202677 
0.242993 2569.47 0.0202677 
0.243141 2566.3 0.0202677 
0.24329 2563.13 0.0202677 
0.243438 2559.94 0.0202677 
0.243587 2556.76 0.0202677 
0.243735 2553.56 0.0202677 
0.243883 2550.36 0.0202677 
0.244032 2547.16 0.0202677 
0.24418 2543.95 0.0202677 
0.244329 2540.73 0.0202677 
0.244477 2537.51 0.0202677 
0.244625 2534.29 0.0202677 
0.244774 2531.06 0.0202677 
0.244922 2527.83 0.0202677 
0.245071 2524.59 0.0202677 
0.245219 2521.35 0.0202677 
0.245367 2518.11 0.0202677 
0.245516 2514.86 0.0202677 
0.245664 2511.61 0.0202677 
0.245812 2508.35 0.0202677 
0.245961 2505.1 0.0202677 
0.246109 2501.84 0.0202677 
0.246258 2498.57 0.0202677 
0.246406 2495.31 0.0202677 
0.246554 2492.04 0.0202677 
0.246703 2488.77 0.0202677 
0.246851 2485.5 0.0202677 
0.247 2482.23 0.0202677 
0.247148 2478.96 0.0202677 
0.247296 2475.68 0.0202677 
0.247445 2472.41 0.0202677 
0.247593 2469.13 0.0202677 
0.247742 2465.85 0.0202677 
0.24789 2462.57 0.0202677 
0.248038 2459.29 0.0202677 
0.248187 2456.01 0.0202677 
0.248335 2452.73 0.0202677 
0.248484 2449.45 0.0202677 
0.248632 2446.18 0.0202677 
0.24878 2442.9 0.0202677 
0.248929 2439.62 0.0202677 
0.249077 2436.34 0.0202677 
0.249226 2433.07 0.0202677 
0.249374 2429.79 0.0202677 
0.249522 2426.52 0.0202677 
0.249671 2423.25 0.0202677 
0.249819 2419.98 0.0202677 
0.249967 2416.71 0.0202677 
0.250116 2413.45 0.0202677 
0.250264 2410.18 0.0202677 
0.250413 2406.92 0.0202677 
0.250561 2403.67 0.0202677 
0.250709 2400.41 0.0202677 
0.250858 2397.16 0.0202677 
0.251006 2393.91 0.0202677 
0.251155 2390.66 0.0202677 
0.251303 2387.42 0.0202677 
0.251451 2384.18 0.0202677 
0.2516 2380.95 0.0202677 
0.251748 2377.72 0.0202677 
0.251897 2374.49 0.0202677 
0.252045 2371.27 0.0202677 
0.252193 2368.05 0.0202677 
0.252342 2364.84 0.0202677 
0.25249 2361.63 0.0202677 
0.252639 2358.43 0.0202677 
0.252787 2355.23 0.0202677 
0.252935 2352.04 0.0202677 
0.253084 2348.85 0.0202677 
0.253232 2345.67 0.0202677 
0.253381 2342.5 0.0202677 
0.253529 2339.33 0.0202677 
0.253677 2336.17 0.0202677 
0.253826 2333.01 0.0202677 
0.253974 2329.86 0.0202677 
0.254122 2326.72 0.0202677 
0.254271 2323.58 0.0202677 
0.254419 2320.45 0.0202677 
0.254568 2317.33 0.0202677 
0.254716 2314.22 0.0202677 
0.254864 2311.11 0.0202677 
0.255013 2308.01 0.0202677 
0.255161 2304.92 0.0202677 
0.25531 2301.84 0.0202677 
0.255458 2298.77 0.0202677 
0.255606 2295.7 0.0202677 
0.255755 2292.65 0.0202677 
0.255903 2289.6 0.0202677 
0.256052 2286.56 0.0202677 
0.2562 2283.53 0.0202677 
0.256348 2280.51 0.0202677 
0.256497 2277.5 0.0202677 
0.256645 2274.49 0.0202677 
0.256794 2271.5 0.0202677 
0.256942 2268.52 0.0202677 
0.25709 2265.55 0.0202677 
0.257239 2262.59 0.0202677 
0.257387 2259.63 0.0202677 
0.257535 2256.69 0.0202677 
0.257684 2253.76 0.0202677 
0.257832 2250.84 0.0202677 
0.257981 2247.94 0.0202677 
0.258129 2245.04 0.0202677 
0.258277 2242.15 0.0202677 
0.258426 2239.28 0.0202677 
0.258574 2236.42 0.0202677 
0.258723 2233.57 0.0202677 
0.258871 2230.73 0.0202677 
0.259019 2227.9 0.0202677 
0.259168 2225.09 0.0202677 
0.259316 2222.29 0.0202677 
0.259465 2219.5 0.0202677 
0.259613 2216.72 0.0202677 
0.259761 2213.96 0.0202677 
0.25991 2211.21 0.0202677 
0.260058 2208.48 0.0202677 
0.260207 2205.75 0.0202677 
0.260355 2203.04 0.0202677 
0.260503 2200.35 0.0202677 
0.260652 2197.67 0.0202677 
0.2608 2195 0.0202677 
0.260949 2192.35 0.0202677 
0.261097 2189.71 0.0202677 
0.261245 2187.09 0.0202677 
0.261394 2184.48 0.0202677 
0.261542 2181.88 0.0202677 
0.26169 2179.3 0.0202677 
0.261839 2176.74 0.0202677 
0.261987 2174.19 0.0202677 
0.262136 2171.66 0.0202677 
0.262284 2169.14 0.0202677 
0.262432 2166.64 0.0202677 
0.262581 2164.15 0.0202677 
0.262729 2161.68 0.0202677 
0.262878 2159.23 0.0202677 
0.263026 2156.79 0.0202677 
0.263174 2154.37 0.0202677 
0.263323 2151.97 0.0202677 
0.263471 2149.58 0.0202677 
0.26362 2147.2 0.0202677 
0.263768 2144.84 0.0202677 
0.263916 2142.5 0.0202677 
0.264065 2140.17 0.0202677 
0.264213 2137.86 0.0202677 
0.264362 2135.56 0.0202677 
0.26451 2133.28 0.0202677 
0.264658 2131.01 0.0202677 
0.264807 2128.76 0.0202677 
0.264955 2126.52 0.0202677 
0.265104 2124.29 0.0202677 
0.265252 2122.08 0.0202677 
0.2654 2119.88 0.0202677 
0.265549 2117.7 0.0202677 
0.265697 2115.53 0.0202677 
0.265845 2113.37 0.0202677 
0.265994 2111.22 0.0202677 
0.266142 2109.09 0.0202677 
0.266291 2106.98 0.0202677 
0.266439 2104.87 0.0202677 
0.266587 2102.78 0.0202677 
0.266736 2100.7 0.0202677 
0.266884 2098.64 0.0202677 
0.267033 2096.58 0.0202677 
0.267181 2094.54 0.0202677 
0.267329 2092.51 0.0202677 
0.267478 2090.49 0.0202677 
0.267626 2088.49 0.0202677 
0.267775 2086.49 0.0202677 
0.267923 2084.51 0.0202677 
0.268071 2082.54 0.0202677 
0.26822 2080.58 0.0202677 
0.268368 2078.63 0.0202677 
0.268517 2076.69 0.0202677 
0.268665 2074.77 0.0202677 
0.268813 2072.85 0.0202677 
0.268962 2070.95 0.0202677 
0.26911 2069.05 0.0202677 
0.269259 2067.17 0.0202677 
0.269407 2065.29 0.0202677 
0.269555 2063.43 0.0202677 
0.269704 2061.58 0.0202677 
0.269852 2059.73 0.0202677 
0.27 2057.9 0.0202677 
0.270149 2056.07 0.0202677 
0.270297 2054.26 0.0202677 
0.270446 2052.45 0.0202677 
0.270594 2050.66 0.0202677 
0.270742 2048.87 0.0202677 
0.270891 2047.09 0.0202677 
0.271039 2045.32 0.0202677 
0.271188 2043.56 0.0202677 
0.271336 2041.81 0.0202677 
0.271484 2040.06 0.0202677 
0.271633 2038.33 0.0202677 
0.271781 2036.6 0.0202677 
0.27193 2034.88 0.0202677 
0.272078 2033.17 0.0202677 
0.272226 2031.46 0.0202677 
0.272375 2029.77 0.0202677 
0.272523 2028.08 0.0202677 
0.272672 2026.4 0.0202677 
0.27282 2024.72 0.0202677 
0.272968 2023.06 0.0202677 
0.273117 2021.39 0.0202677 
0.273265 2019.74 0.0202677 
0.273414 2018.09 0.0202677 
0.273562 2016.45 0.0202677 
0.27371 2014.82 0.0202677 
0.273859 2013.19 0.0202677 
0.274007 2011.57 0.0202677 
0.274155 2009.96 0.0202677 
0.274304 2008.35 0.0202677 
0.274452 2006.74 0.0202677 
0.274601 2005.15 0.0202677 
0.274749 2003.55 0.0202677 
0.274897 2001.97 0.0202677 
0.275046 2000.39 0.0202677 
0.275194 1998.81 0.0202677 
0.275343 1997.24 0.0202677 
0.275491 1995.67 0.0202677 
0.275639 1994.11 0.0202677 
0.275788 1992.55 0.0202677 
0.275936 1991 0.0202677 
0.276085 1989.45 0.0202677 
0.276233 1987.91 0.0202677 
0.276381 1986.37 0.0202677 
0.27653 1984.83 0.0202677 
0.276678 1983.3 0.0202677 
0.276827 1981.77 0.0202677 
0.276975 1980.25 0.0202677 
0.277123 1978.73 0.0202677 
0.277272 1977.21 0.0202677 
0.27742 1975.7 0.0202677 
0.277569 1974.18 0.0202677 
0.277717 1972.68 0.0202677 
0.277865 1971.17 0.0202677 
0.278014 1969.67 0.0202677 
0.278162 1968.17 0.0202677 
0.27831 1966.67 0.0202677 
0.278459 1965.17 0.0202677 
0.278607 1963.68 0.0202677 
0.278756 1962.19 0.0202677 
0.278904 1960.7 0.0202677 
0.279052 1959.21 0.0202677 
0.279201 1957.73 0.0202677 
0.279349 1956.24 0.0202677 
0.279498 1954.76 0.0202677 
0.279646 1953.28 0.0202677 
0.279794 1951.8 0.0202677 
0.279943 1950.32 0.0202677 
0.280091 1948.84 0.0202677 
0.28024 1947.36 0.0202677 
0.280388 1945.89 0.0202677 
0.280536 1944.41 0.0202677 
0.280685 1942.94 0.0202677 
0.280833 1941.46 0.0202677 
0.280982 1939.98 0.0202677 
0.28113 1938.51 0.0202677 
0.281278 1937.03 0.0202677 
0.281427 1935.56 0.0202677 
0.281575 1934.08 0.0202677 
0.281724 1932.61 0.0202677 
0.281872 1931.13 0.0202677 
0.28202 1929.65 0.0202677 
0.282169 1928.17 0.0202677 
0.282317 1926.69 0.0202677 
0.282465 1925.21 0.0202677 
0.282614 1923.73 0.0202677 
0.282762 1922.25 0.0202677 
0.282911 1920.76 0.0202677 
0.283059 1919.28 0.0202677 
0.283207 1917.79 0.0202677 
0.283356 1916.3 0.0202677 
0.283504 1914.81 0.0202677 
0.283653 1913.32 0.0202677 
0.283801 1911.82 0.0202677 
0.283949 1910.32 0.0202677 
0.284098 1908.82 0.0202677 
0.284246 1907.32 0.0202677 
0.284395 1905.81 0.0202677 
0.284543 1904.3 0.0202677 
0.284691 1902.79 0.0202677 
0.28484 1901.28 0.0202677 
0.284988 1899.76 0.0202677 
0.285137 1898.24 0.0202677 
0.285285 1896.71 0.0202677 
0.285433 1895.18 0.0202677 
0.285582 1893.65 0.0202677 
0.28573 1892.11 0.0202677 
0.285879 1890.57 0.0202677 
0.286027 1889.03 0.0202677 
0.286175 1887.48 0.0202677 
0.286324 1885.93 0.0202677 
0.286472 1884.37 0.0202677 
0.28662 1882.81 0.0202677 
0.286769 1881.24 0.0202677 
0.286917 1879.67 0.0202677 
0.287066 1878.1 0.0202677 
0.287214 1876.51 0.0202677 
0.287362 1874.93 0.0202677 
0.287511 1873.34 0.0202677 
0.287659 1871.74 0.0202677 
0.287808 1870.14 0.0202677 
0.287956 1868.54 0.0202677 
0.288104 1866.93 0.0202677 
0.288253 1865.32 0.0202677 
0.288401 1863.7 0.0202677 
0.28855 1862.08 0.0202677 
0.288698 1860.45 0.0202677 
0.288846 1858.82 0.0202677 
0.288995 1857.19 0.0202677 
0.289143 1855.55 0.0202677 
0.289292 1853.91 0.0202677 
0.28944 1852.26 0.0202677 
0.289588 1850.61 0.0202677 
0.289737 1848.96 0.0202677 
0.289885 1847.3 0.0202677 
0.290033 1845.64 0.0202677 
0.290182 1843.98 0.0202677 
0.29033 1842.31 0.0202677 
0.290479 1840.64 0.0202677 
0.290627 1838.96 0.0202677 
0.290775 1837.28 0.0202677 
0.290924 1835.6 0.0202677 
0.291072 1833.91 0.0202677 
0.291221 1832.23 0.0202677 
0.291369 1830.53 0.0202677 
0.291517 1828.84 0.0202677 
0.291666 1827.14 0.0202677 
0.291814 1825.44 0.0202677 
0.291963 1823.74 0.0202677 
0.292111 1822.03 0.0202677 
0.292259 1820.32 0.0202677 
0.292408 1818.61 0.0202677 
0.292556 1816.89 0.0202677 
0.292705 1815.18 0.0202677 
0.292853 1813.46 0.0202677 
0.293001 1811.73 0.0202677 
0.29315 1810.01 0.0202677 
0.293298 1808.28 0.0202677 
0.293447 1806.55 0.0202677 
0.293595 1804.82 0.0202677 
0.293743 1803.08 0.0202677 
0.293892 1801.35 0.0202677 
0.29404 1799.61 0.0202677 
0.294188 1797.87 0.0202677 
0.294337 1796.12 0.0202677 
0.294485 1794.38 0.0202677 
0.294634 1792.63 0.0202677 
0.294782 1790.88 0.0202677 
0.29493 1789.13 0.0202677 
0.295079 1787.38 0.0202677 
0.295227 1785.63 0.0202677 
0.295376 1783.87 0.0202677 
0.295524 1782.12 0.0202677 
0.295672 1780.36 0.0202677 
0.295821 1778.6 0.0202677 
0.295969 1776.84 0.0202677 
0.296118 1775.07 0.0202677 
0.296266 1773.31 0.0202677 
0.296414 1771.54 0.0202677 
0.296563 1769.78 0.0202677 
0.296711 1768.01 0.0202677 
0.29686 1766.24 0.0202677 
0.297008 1764.47 0.0202677 
0.297156 1762.7 0.0202677 
0.297305 1760.93 0.0202677 
0.297453 1759.16 0.0202677 
0.297602 1757.39 0.0202677 
0.29775 1755.61 0.0202677 
0.297898 1753.84 0.0202677 
0.298047 1752.07 0.0202677 
0.298195 1750.29 0.0202677 
0.298343 1748.52 0.0202677 
0.298492 1746.74 0.0202677 
0.29864 1744.96 0.0202677 
0.298789 1743.19 0.0202677 
0.298937 1741.41 0.0202677 
0.299085 1739.63 0.0202677 
0.299234 1737.86 0.0202677 
0.299382 1736.08 0.0202677 
0.299531 1734.3 0.0202677 
0.299679 1732.52 0.0202677 
0.299827 1730.75 0.0202677 
0.299976 1728.97 0.0202677 
0.300124 1727.19 0.0202677 
0.300273 1725.42 0.0202677 
0.300421 1723.64 0.0202677 
0.300569 1721.86 0.0202677 
0.300718 1720.09 0.0202677 
0.300866 1718.31 0.0202677 
0.301015 1716.54 0.0202677 
0.301163 1714.76 0.0202677 
0.301311 1712.99 0.0202677 
0.30146 1711.22 0.0202677 
0.301608 1709.45 0.0202677 
0.301757 1707.67 0.0202677 
0.301905 1705.9 0.0202677 
0.302053 1704.13 0.0202677 
0.302202 1702.37 0.0202677 
0.30235 1700.6 0.0202677 
0.302498 1698.83 0.0202677 
0.302647 1697.07 0.0202677 
0.302795 1695.3 0.0202677 
0.302944 1693.54 0.0202677 
0.303092 1691.78 0.0202677 
0.30324 1690.02 0.0202677 
0.303389 1688.26 0.0202677 
0.303537 1686.5 0.0202677 
0.303686 1684.75 0.0202677 
0.303834 1682.99 0.0202677 
0.303982 1681.24 0.0202677 
0.304131 1679.49 0.0202677 
0.304279 1677.74 0.0202677 
0.304428 1675.99 0.0202677 
0.304576 1674.25 0.0202677 
0.304724 1672.5 0.0202677 
0.304873 1670.76 0.0202677 
0.305021 1669.02 0.0202677 
0.30517 1667.28 0.0202677 
0.305318 1665.55 0.0202677 
0.305466 1663.81 0.0202677 
0.305615 1662.08 0.0202677 
0.305763 1660.35 0.0202677 
0.305912 1658.63 0.0202677 
0.30606 1656.9 0.0202677 
0.306208 1655.18 0.0202677 
0.306357 1653.46 0.0202677 
0.306505 1651.74 0.0202677 
0.306653 1650.03 0.0202677 
0.306802 1648.32 0.0202677 
0.30695 1646.61 0.0202677 
0.307099 1644.9 0.0202677 
0.307247 1643.2 0.0202677 
0.307395 1641.5 0.0202677 
0.307544 1639.8 0.0202677 
0.307692 1638.1 0.0202677 
0.307841 1636.41 0.0202677 
0.307989 1634.72 0.0202677 
0.308137 1633.03 0.0202677 
0.308286 1631.35 0.0202677 
0.308434 1629.67 0.0202677 
0.308583 1628 0.0202677 
0.308731 1626.32 0.0202677 
0.308879 1624.65 0.0202677 
0.309028 1622.99 0.0202677 
0.309176 1621.32 0.0202677 
0.309325 1619.66 0.0202677 
0.309473 1618.01 0.0202677 
0.309621 1616.36 0.0202677 
0.30977 1614.71 0.0202677 
0.309918 1613.06 0.0202677 
0.310067 1611.42 0.0202677 
0.310215 1609.78 0.0202677 
0.310363 1608.15 0.0202677 
0.310512 1606.52 0.0202677 
0.31066 1604.89 0.0202677 
0.310808 1603.27 0.0202677 
0.310957 1601.66 0.0202677 
0.311105 1600.04 0.0202677 
0.311254 1598.43 0.0202677 
0.311402 1596.83 0.0202677 
0.31155 1595.23 0.0202677 
0.311699 1593.63 0.0202677 
0.311847 1592.04 0.0202677 
0.311996 1590.45 0.0202677 
0.312144 1588.87 0.0202677 
0.312292 1587.29 0.0202677 
0.312441 1585.71 0.0202677 
0.312589 1584.14 0.0202677 
0.312738 1582.58 0.0202677 
0.312886 1581.02 0.0202677 
0.313034 1579.46 0.0202677 
0.313183 1577.91 0.0202677 
0.313331 1576.37 0.0202677 
0.31348 1574.83 0.0202677 
0.313628 1573.29 0.0202677 
0.313776 1571.76 0.0202677 
0.313925 1570.23 0.0202677 
0.314073 1568.71 0.0202677 
0.314222 1567.19 0.0202677 
0.31437 1565.68 0.0202677 
0.314518 1564.17 0.0202677 
0.314667 1562.67 0.0202677 
0.314815 1561.17 0.0202677 
0.314963 1559.68 0.0202677 
0.315112 1558.19 0.0202677 
0.31526 1556.7 0.0202677 
0.315409 1555.22 0.0202677 
0.315557 1553.75 0.0202677 
0.315705 1552.27 0.0202677 
0.315854 1550.81 0.0202677 
0.316002 1549.35 0.0202677 
0.316151 1547.89 0.0202677 
0.316299 1546.43 0.0202677 
0.316447 1544.98 0.0202677 
0.316596 1543.54 0.0202677 
0.316744 1542.1 0.0202677 
0.316893 1540.66 0.0202677 
0.317041 1539.23 0.0202677 
0.317189 1537.8 0.0202677 
0.317338 1536.37 0.0202677 
0.317486 1534.95 0.0202677 
0.317635 1533.54 0.0202677 
0.317783 1532.13 0.0202677 
0.317931 1530.72 0.0202677 
0.31808 1529.31 0.0202677 
0.318228 1527.91 0.0202677 
0.318377 1526.52 0.0202677 
0.318525 1525.13 0.0202677 
0.318673 1523.74 0.0202677 
0.318822 1522.35 0.0202677 
0.31897 1520.97 0.0202677 
0.319118 1519.6 0.0202677 
0.319267 1518.22 0.0202677 
0.319415 1516.85 0.0202677 
0.319564 1515.49 0.0202677 
0.319712 1514.13 0.0202677 
0.31986 1512.77 0.0202677 
0.320009 1511.42 0.0202677 
0.320157 1510.07 0.0202677 
0.320306 1508.72 0.0202677 
0.320454 1507.38 0.0202677 
0.320602 1506.04 0.0202677 
0.320751 1504.7 0.0202677 
0.320899 1503.37 0.0202677 
0.321048 1502.04 0.0202677 
0.321196 1500.71 0.0202677 
0.321344 1499.39 0.0202677 
0.321493 1498.07 0.0202677 
0.321641 1496.76 0.0202677 
0.32179 1495.45 0.0202677 
0.321938 1494.14 0.0202677 
0.322086 1492.83 0.0202677 
0.322235 1491.53 0.0202677 
0.322383 1490.23 0.0202677 
0.322531 1488.94 0.0202677 
0.32268 1487.65 0.0202677 
0.322828 1486.36 0.0202677 
0.322977 1485.07 0.0202677 
0.323125 1483.79 0.0202677 
0.323273 1482.51 0.0202677 
0.323422 1481.23 0.0202677 
0.32357 1479.96 0.0202677 
0.323719 1478.69 0.0202677 
0.323867 1477.42 0.0202677 
0.324015 1476.16 0.0202677 
0.324164 1474.9 0.0202677 
0.324312 1473.64 0.0202677 
0.324461 1472.39 0.0202677 
0.324609 1471.13 0.0202677 
0.324757 1469.88 0.0202677 
0.324906 1468.64 0.0202677 
0.325054 1467.39 0.0202677 
0.325203 1466.15 0.0202677 
0.325351 1464.91 0.0202677 
0.325499 1463.68 0.0202677 
0.325648 1462.45 0.0202677 
0.325796 1461.22 0.0202677 
0.325945 1459.99 0.0202677 
0.326093 1458.76 0.0202677 
0.326241 1457.54 0.0202677 
0.32639 1456.32 0.0202677 
0.326538 1455.11 0.0202677 
0.326686 1453.89 0.0202677 
0.326835 1452.68 0.0202677 
0.326983 1451.47 0.0202677 
0.327132 1450.26 0.0202677 
0.32728 1449.06 0.0202677 
0.327428 1447.86 0.0202677 
0.327577 1446.66 0.0202677 
0.327725 1445.46 0.0202677 
0.327874 1444.27 0.0202677 
0.328022 1443.08 0.0202677 
0.32817 1441.89 0.0202677 
0.328319 1440.7 0.0202677 
0.328467 1439.51 0.0202677 
0.328616 1438.33 0.0202677 
0.328764 1437.15 0.0202677 
0.328912 1435.97 0.0202677 
0.329061 1434.79 0.0202677 
0.329209 1433.62 0.0202677 
0.329358 1432.45 0.0202677 
0.329506 1431.28 0.0202677 
0.329654 1430.11 0.0202677 
0.329803 1428.94 0.0202677 
0.329951 1427.78 0.0202677 
0.3301 1426.61 0.0202677 
0.330248 1425.45 0.0202677 
0.330396 1424.3 0.0202677 
0.330545 1423.14 0.0202677 
0.330693 1421.98 0.0202677 
0.330841 1420.83 0.0202677 
0.33099 1419.68 0.0202677 
0.331138 1418.53 0.0202677 
0.331287 1417.39 0.0202677 
0.331435 1416.24 0.0202677 
0.331583 1415.1 0.0202677 
0.331732 1413.95 0.0202677 
0.33188 1412.81 0.0202677 
0.332029 1411.68 0.0202677 
0.332177 1410.54 0.0202677 
0.332325 1409.4 0.0202677 
0.332474 1408.27 0.0202677 
0.332622 1407.14 0.0202677 
0.332771 1406.01 0.0202677 
0.332919 1404.88 0.0202677 
0.333067 1403.75 0.0202677 
0.333216 1402.63 0.0202677 
0.333364 1401.5 0.0202677 
0.333513 1400.38 0.0202677 
0.333661 1399.26 0.0202677 
0.333809 1398.14 0.0202677 
0.333958 1397.02 0.0202677 
0.334106 1395.9 0.0202677 
0.334255 1394.78 0.0202677 
0.334403 1393.67 0.0202677 
0.334551 1392.56 0.0202677 
0.3347 1391.44 0.0202677 
0.334848 1390.33 0.0202677 
0.334996 1389.22 0.0202677 
0.335145 1388.11 0.0202677 
0.335293 1387.01 0.0202677 
0.335442 1385.9 0.0202677 
0.33559 1384.79 0.0202677 
0.335738 1383.69 0.0202677 
0.335887 1382.59 0.0202677 
0.336035 1381.48 0.0202677 
0.336184 1380.38 0.0202677 
0.336332 1379.28 0.0202677 
0.33648 1378.18 0.0202677 
0.336629 1377.09 0.0202677 
0.336777 1375.99 0.0202677 
0.336926 1374.89 0.0202677 
0.337074 1373.8 0.0202677 
0.337222 1372.7 0.0202677 
0.337371 1371.61 0.0202677 
0.337519 1370.51 0.0202677 
0.337668 1369.42 0.0202677 
0.337816 1368.33 0.0202677 
0.337964 1367.24 0.0202677 
0.338113 1366.15 0.0202677 
0.338261 1365.06 0.0202677 
0.33841 1363.97 0.0202677 
0.338558 1362.88 0.0202677 
0.338706 1361.79 0.0202677 
0.338855 1360.71 0.0202677 
0.339003 1359.62 0.0202677 
0.339151 1358.54 0.0202677 
0.3393 1357.45 0.0202677 
0.339448 1356.36 0.0202677 
0.339597 1355.28 0.0202677 
0.339745 1354.2 0.0202677 
0.339893 1353.11 0.0202677 
0.340042 1352.03 0.0202677 
0.34019 1350.95 0.0202677 
0.340339 1349.86 0.0202677 
0.340487 1348.78 0.0202677 
0.340635 1347.7 0.0202677 
0.340784 1346.62 0.0202677 
0.340932 1345.54 0.0202677 
0.341081 1344.46 0.0202677 
0.341229 1343.38 0.0202677 
0.341377 1342.3 0.0202677 
0.341526 1341.22 0.0202677 
0.341674 1340.13 0.0202677 
0.341823 1339.05 0.0202677 
0.341971 1337.97 0.0202677 
0.342119 1336.89 0.0202677 
0.342268 1335.81 0.0202677 
0.342416 1334.74 0.0202677 
0.342565 1333.66 0.0202677 
0.342713 1332.58 0.0202677 
0.342861 1331.5 0.0202677 
0.34301 1330.42 0.0202677 
0.343158 1329.34 0.0202677 
0.343306 1328.26 0.0202677 
0.343455 1327.18 0.0202677 
0.343603 1326.1 0.0202677 
0.343752 1325.02 0.0202677 
0.3439 1323.94 0.0202677 
0.344048 1322.87 0.0202677 
0.344197 1321.79 0.0202677 
0.344345 1320.71 0.0202677 
0.344494 1319.63 0.0202677 
0.344642 1318.56 0.0202677 
0.34479 1317.48 0.0202677 
0.344939 1316.4 0.0202677 
0.345087 1315.32 0.0202677 
0.345236 1314.25 0.0202677 
0.345384 1313.17 0.0202677 
0.345532 1312.1 0.0202677 
0.345681 1311.02 0.0202677 
0.345829 1309.94 0.0202677 
0.345978 1308.87 0.0202677 
0.346126 1307.79 0.0202677 
0.346274 1306.72 0.0202677 
0.346423 1305.65 0.0202677 
0.346571 1304.57 0.0202677 
0.34672 1303.5 0.0202677 
0.346868 1302.43 0.0202677 
0.347016 1301.35 0.0202677 
0.347165 1300.28 0.0202677 
0.347313 1299.21 0.0202677 
0.347461 1298.14 0.0202677 
0.34761 1297.06 0.0202677 
0.347758 1295.99 0.0202677 
0.347907 1294.92 0.0202677 
0.348055 1293.85 0.0202677 
0.348203 1292.78 0.0202677 
0.348352 1291.71 0.0202677 
0.3485 1290.64 0.0202677 
0.348649 1289.57 0.0202677 
0.348797 1288.51 0.0202677 
0.348945 1287.44 0.0202677 
0.349094 1286.37 0.0202677 
0.349242 1285.3 0.0202677 
0.349391 1284.24 0.0202677 
0.349539 1283.17 0.0202677 
0.349687 1282.11 0.0202677 
0.349836 1281.04 0.0202677 
0.349984 1279.98 0.0202677 
0.350133 1278.91 0.0202677 
0.350281 1277.85 0.0202677 
0.350429 1276.78 0.0202677 
0.350578 1275.72 0.0202677 
0.350726 1274.66 0.0202677 
0.350875 1273.6 0.0202677 
0.351023 1272.54 0.0202677 
0.351171 1271.48 0.0202677 
0.35132 1270.42 0.0202677 
0.351468 1269.36 0.0202677 
0.351616 1268.3 0.0202677 
0.351765 1267.24 0.0202677 
0.351913 1266.18 0.0202677 
0.352062 1265.12 0.0202677 
0.35221 1264.07 0.0202677 
0.352358 1263.01 0.0202677 
0.352507 1261.96 0.0202677 
0.352655 1260.9 0.0202677 
0.352804 1259.85 0.0202677 
0.352952 1258.8 0.0202677 
0.3531 1257.74 0.0202677 
0.353249 1256.69 0.0202677 
0.353397 1255.64 0.0202677 
0.353546 1254.59 0.0202677 
0.353694 1253.54 0.0202677 
0.353842 1252.49 0.0202677 
0.353991 1251.44 0.0202677 
0.354139 1250.39 0.0202677 
0.354288 1249.34 0.0202677 
0.354436 1248.3 0.0202677 
0.354584 1247.25 0.0202677 
0.354733 1246.21 0.0202677 
0.354881 1245.16 0.0202677 
0.355029 1244.12 0.0202677 
0.355178 1243.07 0.0202677 
0.355326 1242.03 0.0202677 
0.355475 1240.99 0.0202677 
0.355623 1239.95 0.0202677 
0.355771 1238.91 0.0202677 
0.35592 1237.87 0.0202677 
0.356068 1236.83 0.0202677 
0.356217 1235.79 0.0202677 
0.356365 1234.76 0.0202677 
0.356513 1233.72 0.0202677 
0.356662 1232.69 0.0202677 
0.35681 1231.65 0.0202677 
0.356959 1230.62 0.0202677 
0.357107 1229.58 0.0202677 
0.357255 1228.55 0.0202677 
0.357404 1227.52 0.0202677 
0.357552 1226.49 0.0202677 
0.357701 1225.46 0.0202677 
0.357849 1224.43 0.0202677 
0.357997 1223.41 0.0202677 
0.358146 1222.38 0.0202677 
0.358294 1221.35 0.0202677 
0.358443 1220.33 0.0202677 
0.358591 1219.3 0.0202677 
0.358739 1218.28 0.0202677 
0.358888 1217.26 0.0202677 
0.359036 1216.24 0.0202677 
0.359184 1215.22 0.0202677 
0.359333 1214.2 0.0202677 
0.359481 1213.18 0.0202677 
0.35963 1212.16 0.0202677 
0.359778 1211.14 0.0202677 
0.359926 1210.13 0.0202677 
0.360075 1209.11 0.0202677 
0.360223 1208.1 0.0202677 
0.360372 1207.09 0.0202677 
0.36052 1206.08 0.0202677 
0.360668 1205.06 0.0202677 
0.360817 1204.05 0.0202677 
0.360965 1203.05 0.0202677 
0.361114 1202.04 0.0202677 
0.361262 1201.03 0.0202677 
0.36141 1200.03 0.0202677 
0.361559 1199.02 0.0202677 
0.361707 1198.02 0.0202677 
0.361856 1197.01 0.0202677 
0.362004 1196.01 0.0202677 
0.362152 1195.01 0.0202677 
0.362301 1194.01 0.0202677 
0.362449 1193.02 0.0202677 
0.362598 1192.02 0.0202677 
0.362746 1191.02 0.0202677 
0.362894 1190.03 0.0202677 
0.363043 1189.03 0.0202677 
0.363191 1188.04 0.0202677 
0.363339 1187.05 0.0202677 
0.363488 1186.06 0.0202677 
0.363636 1185.07 0.0202677 
0.363785 1184.08 0.0202677 
0.363933 1183.09 0.0202677 
0.364081 1182.11 0.0202677 
0.36423 1181.12 0.0202677 
0.364378 1180.14 0.0202677 
0.364527 1179.16 0.0202677 
0.364675 1178.18 0.0202677 
0.364823 1177.2 0.0202677 
0.364972 1176.22 0.0202677 
0.36512 1175.24 0.0202677 
0.365269 1174.26 0.0202677 
0.365417 1173.29 0.0202677 
0.365565 1172.31 0.0202677 
0.365714 1171.34 0.0202677 
0.365862 1170.37 0.0202677 
0.366011 1169.4 0.0202677 
0.366159 1168.43 0.0202677 
0.366307 1167.46 0.0202677 
0.366456 1166.5 0.0202677 
0.366604 1165.53 0.0202677 
0.366753 1164.57 0.0202677 
0.366901 1163.6 0.0202677 
0.367049 1162.64 0.0202677 
0.367198 1161.68 0.0202677 
0.367346 1160.72 0.0202677 
0.367494 1159.77 0.0202677 
0.367643 1158.81 0.0202677 
0.367791 1157.85 0.0202677 
0.36794 1156.9 0.0202677 
0.368088 1155.95 0.0202677 
0.368236 1155 0.0202677 
0.368385 1154.05 0.0202677 
0.368533 1153.1 0.0202677 
0.368682 1152.15 0.0202677 
0.36883 1151.21 0.0202677 
0.368978 1150.26 0.0202677 
0.369127 1149.32 0.0202677 
0.369275 1148.38 0.0202677 
0.369424 1147.44 0.0202677 
0.369572 1146.5 0.0202677 
0.36972 1145.56 0.0202677 
0.369869 1144.63 0.0202677 
0.370017 1143.69 0.0202677 
0.370166 1142.76 0.0202677 
0.370314 1141.83 0.0202677 
0.370462 1140.9 0.0202677 
0.370611 1139.97 0.0202677 
0.370759 1139.04 0.0202677 
0.370908 1138.12 0.0202677 
0.371056 1137.19 0.0202677 
0.371204 1136.27 0.0202677 
0.371353 1135.35 0.0202677 
0.371501 1134.43 0.0202677 
0.371649 1133.51 0.0202677 
0.371798 1132.6 0.0202677 
0.371946 1131.68 0.0202677 
0.372095 1130.77 0.0202677 
0.372243 1129.85 0.0202677 
0.372391 1128.94 0.0202677 
0.37254 1128.03 0.0202677 
0.372688 1127.13 0.0202677 
0.372837 1126.22 0.0202677 
0.372985 1125.32 0.0202677 
0.373133 1124.41 0.0202677 
0.373282 1123.51 0.0202677 
0.37343 1122.61 0.0202677 
0.373579 1121.71 0.0202677 
0.373727 1120.82 0.0202677 
0.373875 1119.92 0.0202677 
0.374024 1119.03 0.0202677 
0.374172 1118.13 0.0202677 
0.374321 1117.24 0.0202677 
0.374469 1116.35 0.0202677 
0.374617 1115.47 0.0202677 
0.374766 1114.58 0.0202677 
0.374914 1113.7 0.0202677 
0.375063 1112.81 0.0202677 
0.375211 1111.93 0.0202677 
0.375359 1111.05 0.0202677 
0.375508 1110.17 0.0202677 
0.375656 1109.3 0.0202677 
0.375804 1108.42 0.0202677 
0.375953 1107.55 0.0202677 
0.376101 1106.67 0.0202677 
0.37625 1105.8 0.0202677 
0.376398 1104.93 0.0202677 
0.376546 1104.07 0.0202677 
0.376695 1103.2 0.0202677 
0.376843 1102.33 0.0202677 
0.376992 1101.47 0.0202677 
0.37714 1100.61 0.0202677 
0.377288 1099.75 0.0202677 
0.377437 1098.89 0.0202677 
0.377585 1098.03 0.0202677 
0.377734 1097.17 0.0202677 
0.377882 1096.32 0.0202677 
0.37803 1095.46 0.0202677 
0.378179 1094.61 0.0202677 
0.378327 1093.76 0.0202677 
0.378476 1092.91 0.0202677 
0.378624 1092.06 0.0202677 
0.378772 1091.22 0.0202677 
0.378921 1090.37 0.0202677 
0.379069 1089.53 0.0202677 
0.379218 1088.68 0.0202677 
0.379366 1087.84 0.0202677 
0.379514 1087 0.0202677 
0.379663 1086.16 0.0202677 
0.379811 1085.33 0.0202677 
0.379959 1084.49 0.0202677 
0.380108 1083.66 0.0202677 
0.380256 1082.82 0.0202677 
0.380405 1081.99 0.0202677 
0.380553 1081.16 0.0202677 
0.380701 1080.33 0.0202677 
0.38085 1079.5 0.0202677 
0.380998 1078.68 0.0202677 
0.381147 1077.85 0.0202677 
0.381295 1077.03 0.0202677 
0.381443 1076.21 0.0202677 
0.381592 1075.39 0.0202677 
0.38174 1074.57 0.0202677 
0.381889 1073.75 0.0202677 
0.382037 1072.93 0.0202677 
0.382185 1072.11 0.0202677 
0.382334 1071.3 0.0202677 
0.382482 1070.48 0.0202677 
0.382631 1069.67 0.0202677 
0.382779 1068.86 0.0202677 
0.382927 1068.05 0.0202677 
0.383076 1067.24 0.0202677 
0.383224 1066.44 0.0202677 
0.383372 1065.63 0.0202677 
0.383521 1064.83 0.0202677 
0.383669 1064.02 0.0202677 
0.383818 1063.22 0.0202677 
0.383966 1062.42 0.0202677 
0.384114 1061.62 0.0202677 
0.384263 1060.82 0.0202677 
0.384411 1060.02 0.0202677 
0.38456 1059.23 0.0202677 
0.384708 1058.43 0.0202677 
0.384856 1057.64 0.0202677 
0.385005 1056.84 0.0202677 
0.385153 1056.05 0.0202677 
0.385302 1055.26 0.0202677 
0.38545 1054.47 0.0202677 
0.385598 1053.69 0.0202677 
0.385747 1052.9 0.0202677 
0.385895 1052.11 0.0202677 
0.386044 1051.33 0.0202677 
0.386192 1050.55 0.0202677 
0.38634 1049.76 0.0202677 
0.386489 1048.98 0.0202677 
0.386637 1048.2 0.0202677 
0.386786 1047.42 0.0202677 
0.386934 1046.65 0.0202677 
0.387082 1045.87 0.0202677 
0.387231 1045.09 0.0202677 
0.387379 1044.32 0.0202677 
0.387527 1043.55 0.0202677 
0.387676 1042.77 0.0202677 
0.387824 1042 0.0202677 
0.387973 1041.23 0.0202677 
0.388121 1040.46 0.0202677 
0.388269 1039.7 0.0202677 
0.388418 1038.93 0.0202677 
0.388566 1038.17 0.0202677 
0.388715 1037.4 0.0202677 
0.388863 1036.64 0.0202677 
0.389011 1035.87 0.0202677 
0.38916 1035.11 0.0202677 
0.389308 1034.35 0.0202677 
0.389457 1033.59 0.0202677 
0.389605 1032.84 0.0202677 
0.389753 1032.08 0.0202677 
0.389902 1031.32 0.0202677 
0.39005 1030.57 0.0202677 
0.390199 1029.81 0.0202677 
0.390347 1029.06 0.0202677 
0.390495 1028.31 0.0202677 
0.390644 1027.56 0.0202677 
0.390792 1026.81 0.0202677 
0.390941 1026.06 0.0202677 
0.391089 1025.31 0.0202677 
0.391237 1024.56 0.0202677 
0.391386 1023.82 0.0202677 
0.391534 1023.07 0.0202677 
0.391682 1022.33 0.0202677 
0.391831 1021.59 0.0202677 
0.391979 1020.84 0.0202677 
0.392128 1020.1 0.0202677 
0.392276 1019.36 0.0202677 
0.392424 1018.62 0.0202677 
0.392573 1017.89 0.0202677 
0.392721 1017.15 0.0202677 
0.39287 1016.41 0.0202677 
0.393018 1015.68 0.0202677 
0.393166 1014.94 0.0202677 
0.393315 1014.21 0.0202677 
0.393463 1013.48 0.0202677 
0.393612 1012.74 0.0202677 
0.39376 1012.01 0.0202677 
0.393908 1011.28 0.0202677 
0.394057 1010.56 0.0202677 
0.394205 1009.83 0.0202677 
0.394354 1009.1 0.0202677 
0.394502 1008.37 0.0202677 
0.39465 1007.65 0.0202677 
0.394799 1006.92 0.0202677 
0.394947 1006.2 0.0202677 
0.395096 1005.48 0.0202677 
0.395244 1004.76 0.0202677 
0.395392 1004.03 0.0202677 
0.395541 1003.31 0.0202677 
0.395689 1002.6 0.0202677 
0.395837 1001.88 0.0202677 
0.395986 1001.16 0.0202677 
0.396134 1000.44 0.0202677 
0.396283 999.727 0.0202677 
0.396431 999.012 0.0202677 
0.396579 998.297 0.0202677 
0.396728 997.584 0.0202677 
0.396876 996.871 0.0202677 
0.397025 996.16 0.0202677 
0.397173 995.449 0.0202677 
0.397321 994.738 0.0202677 
0.39747 994.029 0.0202677 
0.397618 993.32 0.0202677 
0.397767 992.613 0.0202677 
0.397915 991.906 0.0202677 
0.398063 991.199 0.0202677 
0.398212 990.494 0.0202677 
0.39836 989.789 0.0202677 
0.398509 989.085 0.0202677 
0.398657 988.382 0.0202677 
0.398805 987.68 0.0202677 
0.398954 986.978 0.0202677 
0.399102 986.277 0.0202677 
0.399251 985.577 0.0202677 
0.399399 984.878 0.0202677 
0.399547 984.179 0.0202677 
0.399696 983.481 0.0202677 
0.399844 982.784 0.0202677 
0.399992 982.088 0.0202677 
0.400141 981.392 0.0202677 
0.400289 980.697 0.0202677 
0.400438 980.003 0.0202677 
0.400586 979.309 0.0202677 
0.400734 978.616 0.0202677 
0.400883 977.924 0.0202677 
0.401031 977.233 0.0202677 
0.40118 976.542 0.0202677 
0.401328 975.852 0.0202677 
0.401476 975.162 0.0202677 
0.401625 974.473 0.0202677 
0.401773 973.785 0.0202677 
0.401922 973.098 0.0202677 
0.40207 972.411 0.0202677 
0.402218 971.725 0.0202677 
0.402367 971.04 0.0202677 
0.402515 970.355 0.0202677 
0.402664 969.671 0.0202677 
0.402812 968.987 0.0202677 
0.40296 968.304 0.0202677 
0.403109 967.622 0.0202677 
0.403257 966.94 0.0202677 
0.403406 966.259 0.0202677 
0.403554 965.579 0.0202677 
0.403702 964.899 0.0202677 
0.403851 964.22 0.0202677 
0.403999 963.541 0.0202677 
0.404147 962.863 0.0202677 
0.404296 962.186 0.0202677 
0.404444 961.509 0.0202677 
0.404593 960.833 0.0202677 
0.404741 960.157 0.0202677 
0.404889 959.482 0.0202677 
0.405038 958.808 0.0202677 
0.405186 958.134 0.0202677 
0.405335 957.46 0.0202677 
0.405483 956.788 0.0202677 
0.405631 956.115 0.0202677 
0.40578 955.444 0.0202677 
0.405928 954.773 0.0202677 
0.406077 954.102 0.0202677 
0.406225 953.432 0.0202677 
0.406373 952.763 0.0202677 
0.406522 952.094 0.0202677 
0.40667 951.425 0.0202677 
0.406819 950.757 0.0202677 
0.406967 950.09 0.0202677 
0.407115 949.423 0.0202677 
0.407264 948.756 0.0202677 
0.407412 948.091 0.0202677 
0.407561 947.425 0.0202677 
0.407709 946.76 0.0202677 
0.407857 946.096 0.0202677 
0.408006 945.432 0.0202677 
0.408154 944.768 0.0202677 
0.408302 944.105 0.0202677 
0.408451 943.443 0.0202677 
0.408599 942.781 0.0202677 
0.408748 942.119 0.0202677 
0.408896 941.458 0.0202677 
0.409044 940.798 0.0202677 
0.409193 940.138 0.0202677 
0.409341 939.478 0.0202677 
0.40949 938.819 0.0202677 
0.409638 938.16 0.0202677 
0.409786 937.502 0.0202677 
0.409935 936.844 0.0202677 
0.410083 936.187 0.0202677 
0.410232 935.53 0.0202677 
0.41038 934.873 0.0202677 
0.410528 934.217 0.0202677 
0.410677 933.562 0.0202677 
0.410825 932.907 0.0202677 
0.410974 932.252 0.0202677 
0.411122 931.598 0.0202677 
0.41127 930.944 0.0202677 
0.411419 930.291 0.0202677 
0.411567 929.638 0.0202677 
0.411716 928.985 0.0202677 
0.411864 928.333 0.0202677 
0.412012 927.681 0.0202677 
0.412161 927.03 0.0202677 
0.412309 926.379 0.0202677 
0.412457 925.729 0.0202677 
0.412606 925.079 0.0202677 
0.412754 924.429 0.0202677 
0.412903 923.78 0.0202677 
0.413051 923.131 0.0202677 
0.413199 922.483 0.0202677 
0.413348 921.835 0.0202677 
0.413496 921.187 0.0202677 
0.413645 920.54 0.0202677 
0.413793 919.894 0.0202677 
0.413941 919.247 0.0202677 
0.41409 918.601 0.0202677 
0.414238 917.955 0.0202677 
0.414387 917.31 0.0202677 
0.414535 916.665 0.0202677 
0.414683 916.021 0.0202677 
0.414832 915.377 0.0202677 
0.41498 914.733 0.0202677 
0.415129 914.09 0.0202677 
0.415277 913.447 0.0202677 
0.415425 912.804 0.0202677 
0.415574 912.162 0.0202677 
0.415722 911.52 0.0202677 
0.41587 910.879 0.0202677 
0.416019 910.237 0.0202677 
0.416167 909.597 0.0202677 
0.416316 908.956 0.0202677 
0.416464 908.316 0.0202677 
0.416612 907.676 0.0202677 
0.416761 907.037 0.0202677 
0.416909 906.398 0.0202677 
0.417058 905.759 0.0202677 
0.417206 905.121 0.0202677 
0.417354 904.483 0.0202677 
0.417503 903.845 0.0202677 
0.417651 903.208 0.0202677 
0.4178 902.571 0.0202677 
0.417948 901.934 0.0202677 
0.418096 901.297 0.0202677 
0.418245 900.661 0.0202677 
0.418393 900.026 0.0202677 
0.418542 899.39 0.0202677 
0.41869 898.755 0.0202677 
0.418838 898.12 0.0202677 
0.418987 897.486 0.0202677 
0.419135 896.852 0.0202677 
0.419284 896.218 0.0202677 
0.419432 895.584 0.0202677 
0.41958 894.951 0.0202677 
0.419729 894.318 0.0202677 
0.419877 893.685 0.0202677 
0.420025 893.053 0.0202677 
0.420174 892.421 0.0202677 
0.420322 891.789 0.0202677 
0.420471 891.157 0.0202677 
0.420619 890.526 0.0202677 
0.420767 889.895 0.0202677 
0.420916 889.265 0.0202677 
0.421064 888.634 0.0202677 
0.421213 888.004 0.0202677 
0.421361 887.374 0.0202677 
0.421509 886.745 0.0202677 
0.421658 886.115 0.0202677 
0.421806 885.486 0.0202677 
0.421955 884.858 0.0202677 
0.422103 884.229 0.0202677 
0.422251 883.601 0.0202677 
0.4224 882.973 0.0202677 
0.422548 882.345 0.0202677 
0.422697 881.718 0.0202677 
0.422845 881.09 0.0202677 
0.422993 880.463 0.0202677 
0.423142 879.837 0.0202677 
0.42329 879.21 0.0202677 
0.423439 878.584 0.0202677 
0.423587 877.958 0.0202677 
0.423735 877.332 0.0202677 
0.423884 876.707 0.0202677 
0.424032 876.081 0.0202677 
0.42418 875.456 0.0202677 
0.424329 874.831 0.0202677 
0.424477 874.207 0.0202677 
0.424626 873.582 0.0202677 
0.424774 872.958 0.0202677 
0.424922 872.334 0.0202677 
0.425071 871.71 0.0202677 
0.425219 871.087 0.0202677 
0.425368 870.464 0.0202677 
0.425516 869.84 0.0202677 
0.425664 869.217 0.0202677 
0.425813 868.595 0.0202677 
0.425961 867.972 0.0202677 
0.42611 867.35 0.0202677 
0.426258 866.728 0.0202677 
0.426406 866.106 0.0202677 
0.426555 865.484 0.0202677 
0.426703 864.863 0.0202677 
0.426852 864.241 0.0202677 
0.427 863.62 0.0202677 
0.427148 862.999 0.0202677 
0.427297 862.378 0.0202677 
0.427445 861.758 0.0202677 
0.427594 861.137 0.0202677 
0.427742 860.517 0.0202677 
0.42789 859.897 0.0202677 
0.428039 859.277 0.0202677 
0.428187 858.657 0.0202677 
0.428335 858.038 0.0202677 
0.428484 857.418 0.0202677 
0.428632 856.799 0.0202677 
0.428781 856.18 0.0202677 
0.428929 855.561 0.0202677 
0.429077 854.942 0.0202677 
0.429226 854.323 0.0202677 
0.429374 853.705 0.0202677 
0.429523 853.087 0.0202677 
0.429671 852.468 0.0202677 
0.429819 851.85 0.0202677 
0.429968 851.232 0.0202677 
0.430116 850.615 0.0202677 
0.430265 849.997 0.0202677 
0.430413 849.379 0.0202677 
0.430561 848.762 0.0202677 
0.43071 848.145 0.0202677 
0.430858 847.528 0.0202677 
0.431007 846.911 0.0202677 
0.431155 846.294 0.0202677 
0.431303 845.677 0.0202677 
0.431452 845.06 0.0202677 
0.4316 844.444 0.0202677 
0.431749 843.828 0.0202677 
0.431897 843.211 0.0202677 
0.432045 842.595 0.0202677 
0.432194 841.979 0.0202677 
0.432342 841.363 0.0202677 
0.43249 840.747 0.0202677 
0.432639 840.131 0.0202677 
0.432787 839.516 0.0202677 
0.432936 838.9 0.0202677 
0.433084 838.285 0.0202677 
0.433232 837.669 0.0202677 
0.433381 837.054 0.0202677 
0.433529 836.439 0.0202677 
0.433678 835.824 0.0202677 
0.433826 835.208 0.0202677 
0.433974 834.594 0.0202677 
0.434123 833.979 0.0202677 
0.434271 833.364 0.0202677 
0.43442 832.749 0.0202677 
0.434568 832.134 0.0202677 
0.434716 831.52 0.0202677 
0.434865 830.905 0.0202677 
0.435013 830.291 0.0202677 
0.435162 829.676 0.0202677 
0.43531 829.062 0.0202677 
0.435458 828.448 0.0202677 
0.435607 827.834 0.0202677 
0.435755 827.219 0.0202677 
0.435904 826.605 0.0202677 
0.436052 825.991 0.0202677 
0.4362 825.377 0.0202677 
0.436349 824.763 0.0202677 
0.436497 824.149 0.0202677 
0.436645 823.535 0.0202677 
0.436794 822.921 0.0202677 
0.436942 822.308 0.0202677 
0.437091 821.694 0.0202677 
0.437239 821.08 0.0202677 
0.437387 820.466 0.0202677 
0.437536 819.853 0.0202677 
0.437684 819.239 0.0202677 
0.437833 818.625 0.0202677 
0.437981 818.012 0.0202677 
0.438129 817.398 0.0202677 
0.438278 816.785 0.0202677 
0.438426 816.171 0.0202677 
0.438575 815.557 0.0202677 
0.438723 814.944 0.0202677 
0.438871 814.33 0.0202677 
0.43902 813.717 0.0202677 
0.439168 813.103 0.0202677 
0.439317 812.49 0.0202677 
0.439465 811.876 0.0202677 
0.439613 811.263 0.0202677 
0.439762 810.649 0.0202677 
0.43991 810.036 0.0202677 
0.440059 809.422 0.0202677 
0.440207 808.809 0.0202677 
0.440355 808.195 0.0202677 
0.440504 807.581 0.0202677 
0.440652 806.968 0.0202677 
0.4408 806.354 0.0202677 
0.440949 805.741 0.0202677 
0.441097 805.127 0.0202677 
0.441246 804.513 0.0202677 
0.441394 803.899 0.0202677 
0.441542 803.286 0.0202677 
0.441691 802.672 0.0202677 
0.441839 802.058 0.0202677 
0.441988 801.444 0.0202677 
0.442136 800.83 0.0202677 
0.442284 800.216 0.0202677 
0.442433 799.602 0.0202677 
0.442581 798.988 0.0202677 
0.44273 798.374 0.0202677 
0.442878 797.76 0.0202677 
0.443026 797.146 0.0202677 
0.443175 796.532 0.0202677 
0.443323 795.918 0.0202677 
0.443472 795.303 0.0202677 
0.44362 794.689 0.0202677 
0.443768 794.075 0.0202677 
0.443917 793.46 0.0202677 
0.444065 792.845 0.0202677 
0.444214 792.231 0.0202677 
0.444362 791.616 0.0202677 
0.44451 791.001 0.0202677 
0.444659 790.387 0.0202677 
0.444807 789.772 0.0202677 
0.444955 789.157 0.0202677 
0.445104 788.542 0.0202677 
